0 0.05203442879499218 0.510783838835482 0.0727699530516432 0.9188402017040513
0 0.13419405320813774 0.5478798718235338 0.07589984350547732 0.6049506918051518
0 0.22652582159624415 0.47939488784559203 0.04929577464788732 0.422324067863974
0 0.3016431924882629 0.4851019698437538 0.06651017214397495 0.8560622997242714
0 0.36111111111111116 0.6220719377996372 0.049295774647887355 0.7533348237573588
0 0.44092331768388104 0.5450263308244528 0.05555555555555557 0.6220719377996372
0 0.4996087636932707 0.6227022629604789 0.07120500782472611 0.7545954740790421
0 0.5860719874804381 0.43944531385845936 0.08920187793427224 0.7190923317683879
0 0.7261345852895148 0.4679807238492684 0.08920187793427231 0.6049506918051517
0 0.8161189358372457 0.4651271828501875 0.05007824726134587 0.8275268897334623
0 0.8955399061032864 0.3367178378915468 0.05399061032863841 0.6734356757830936
0 0.9628325508607202 0.2796470179099287 0.0555555555555556 0.5592940358198574
