0 0.04264475743348983 0.49421529175050294 0.05712050078247262 0.6955622624636709
0 0.10602503912363068 0.49421529175050294 0.05868544600938968 0.739492510619271
0 0.1807511737089202 0.4832327297116029 0.09076682316118935 0.9078917952157388
0 0.2625195618153365 0.5308238318801698 0.044600938967136156 0.7541359266711379
0 0.3337245696400626 0.5088587078023697 0.0602503912363067 0.812709590878605
0 0.4104068857589985 0.5988430583501007 0.07433489827856028 0.8023138832997988
0 0.49491392801251954 0.4795718756986362 0.06494522691705783 0.9152135032416722
0 0.5535993740219092 0.446624189581936 0.043035993740219 0.7907444668008047
0 0.6095461658841941 0.5088587078023697 0.06416275430359945 0.9737871674491392
0 0.6701877934272301 0.43564162754303587 0.04616588419405332 0.856639839034205
0 0.729264475743349 0.446624189581936 0.040688575899843614 0.834674714956405
0 0.7977308294209702 0.3624245472837021 0.060250391236306766 0.6662754303599372
0 0.8595461658841941 0.4136765034652358 0.068075117370892 0.8273530069304716
0 0.938184663536775 0.4633914598703329 0.03755868544600912 0.8828526715850655
