0 0.047339593114241005 0.5176260715203326 0.09467918622848201 0.8444222549225703
0 0.12597809076682318 0.6121125592693808 0.07355242566510173 0.7757748814612384
0 0.2167449139280125 0.4890015883026183 0.07668231611893585 0.36734753462733283
0 0.2985133020344288 0.5438651811365705 0.07746478873239449 0.7537780580664749
0 0.37832550860719877 0.5772604115572373 0.06651017214397498 0.6774461028192371
0 0.4604851330203443 0.5510213019409993 0.08059467918622844 0.40551351225095184
0 0.5782472613458529 0.5906441968560951 0.11893583724569638 0.8187116062878098
0 0.6991392801251957 0.5820311587601896 0.10250391236306712 0.7442365636605703
0 0.8200312989045383 0.5128553243173802 0.08450704225352113 0.5963434003690468
0 0.8998435054773083 0.5772604115572373 0.05007824726134587 0.7633195524723798
0 0.9561815336463223 0.5715612080442856 0.05946791862284826 0.8568775839114288
