0 0.05751173708920188 0.5756539235412476 0.05868544600938968 0.8486921529175051
0 0.13654147104851333 0.5315224681421866 0.1322378716744913 0.9369550637156274
0 0.24021909233176839 0.5642521797451374 0.04381846635367765 0.47283702213279677
0 0.31416275430359936 0.5 0.038341158059467875 1.0
0 0.3583724569640062 0.444466800804829 0.05007824726134587 0.8511066398390342
0 0.430359937402191 0.47914151576123404 0.05946791862284819 0.5547954393024814
0 0.4753521126760563 0.37196512407780014 0.022691705790297334 0.7439302481556003
0 0.5309076682316118 0.38142186452045607 0.0727699530516432 0.737625754527163
0 0.5954616588419406 0.46968477531857805 0.035993740219092275 0.8889336016096578
0 0.7902973395931143 0.4980549966465459 0.0876369327073553 0.933065057008719
0 0.8841940532081378 0.3877263581488934 0.06729264475743363 0.7502347417840376
0 0.9510954616588421 0.4854460093896713 0.04147104851330198 0.9708920187793427
