0 0.06220657276995304 0.3673513302034429 0.0868544600938967 0.5814945226917058
0 0.13262910798122066 0.41087636932707355 0.06025039123630673 0.45962441314553987
0 0.1983568075117371 0.4213223787167449 0.04773082942097027 0.3133802816901408
0 0.26604068857589985 0.4544014084507043 0.06259780907668233 0.497926447574335
0 0.3345070422535211 0.4961854460093897 0.057120500782472695 0.40043035993740217
0 0.4182316118935837 0.4944444444444444 0.044600938967136156 0.2437402190923318
0 0.4820031298904531 0.5344874804381842 0.05477308294209679 0.4770344287949921
0 0.5328638497652582 0.5397104851330203 0.05320813771517997 0.3899843505477309
0 0.6451486697965563 0.5553794992175282 0.10876369327073515 0.38650234741784106
0 0.7652582159624413 0.6702856025039126 0.10328638497652591 0.5327464788732396
0 0.8497652582159625 0.6267605633802817 0.05790297339593124 0.376056338028169
0 0.903755868544601 0.6650625978090767 0.03755868544600929 0.35516431924882624
0 0.952660406885759 0.6633215962441316 0.05399061032863841 0.35864632237871674
