0 0.05516431924882629 0.5747663300962549 0.11032863849765258 0.4907871888867451
0 0.1302816901408451 0.6205731343923511 0.08685446009389672 0.45588676656590993
0 0.2464788732394366 0.5507722897506806 0.12050078247261346 0.5736756918987287
0 0.33998435054773085 0.597669732244303 0.09311424100156493 0.42316762064012686
0 0.44248826291079807 0.5965790940467768 0.09311424100156493 0.468974424936223
0 0.535602503912363 0.5965790940467768 0.07433489827856021 0.35991060518361306
0 0.6224569640062597 0.5693131391086242 0.11658841940532078 0.35772932878856084
0 0.7034428794992175 0.7034616374043346 0.10015649452269174 0.381723369134135
0 0.7949921752738653 0.6227544107874032 0.0876369327073553 0.41226123866486586
0 0.8990610328638498 0.653292280318134 0.15179968701095448 0.5344127167877891
