0 0.044856921887084296 0.36055861568162095 0.08043310131477184 0.4496378030853155
0 0.10363495746326372 0.4050982093834683 0.03402938901778809 0.19936770514160218
0 0.1709203402938902 0.4008563433166256 0.060324825986078884 0.38600981208267654
0 0.22737819025522044 0.4199447406174173 0.034029389017788104 0.22906076760950034
0 0.2896365042536736 0.4390331379182091 0.0796597061098221 0.43691220488478777
0 0.3414539829853055 0.4687262003861072 0.03634957463263731 0.1908839730079169
0 0.39404485692188707 0.509023928021112 0.031709203402938896 0.5514425886895379
0 0.48801237432327915 0.5259913922884824 0.06651198762567674 0.4157028745505748
0 0.5433101314771848 0.5323541913887462 0.030162412993039497 0.5387169904890101
0 0.6009280742459397 0.4984192628540054 0.06651198762567667 0.4623634012858433
0 0.6674400618716163 0.5365960574555888 0.05568445475638058 0.5726519190237509
0 0.751740139211137 0.6044659145250704 0.10208816705336429 0.3520748835479357
0 0.8553750966744006 0.5514425886895379 0.08662026295436959 0.4157028745505747
0 0.9392884764114462 0.5705309859903294 0.0750193348801239 0.42842847275110235
