0 0.05181747873163186 0.35603134220353355 0.08816705336426914 0.5502302561327337
0 0.11794276875483371 0.35117636935530355 0.04408352668213457 0.20390885962566013
0 0.20340293890177882 0.3382297750933569 0.0726991492652746 0.4498941506026469
0 0.30703789636504253 0.41914598923052365 0.07888631090487241 0.3981077735548603
0 0.4013921113689095 0.44342085347167365 0.07888631090487237 0.4337109077752136
0 0.46751740139211134 0.4854972848230004 0.09048723897911827 0.4142910163822937
0 0.5433101314771848 0.5825967417876001 0.0765661252900231 0.3754512335964533
0 0.6044083526682135 0.49520723051946036 0.08584686774942 0.19419891392920022
0 0.674400618716164 0.5049171762159204 0.05568445475638043 0.4013444221203468
0 0.7703016241299303 0.5389019861535305 0.07424593967517396 0.391634476423887
0 0.8549883990719258 0.5389019861535302 0.07347254447022436 0.5146271219123804
0 0.9129930394431554 0.5793600932221138 0.06109822119102873 0.3301381536796403
0 0.9636504253673627 0.6360014431181304 0.06496519721577726 0.39810777355486027
