0 0.05164319248826292 0.5589527262585413 0.09859154929577466 0.8820945474829174
0 0.1467136150234742 0.5775693766559755 0.06494522691705791 0.8448612466880491
0 0.2519561815336463 0.6023915771858877 0.11267605633802821 0.7952168456282246
0 0.3450704225352112 0.5713638265234975 0.07668231611893582 0.8572723469530052
0 0.4753521126760563 0.499546785664482 0.09624413145539905 0.9494491702691397
0 0.5582942097026604 0.2916608562264677 0.0477308294209702 0.44679960953841863
0 0.6396713615023474 0.33199693208757497 0.06807511737089207 0.6639938641751499
0 0.75 0.3940524334123554 0.09624413145539905 0.7384604657648864
0 0.8395931142410015 0.41577185887602847 0.04851330203442885 0.8315437177520569
0 0.9041471048513301 0.3878468832798773 0.08998435054773082 0.7756937665597546
