0 0.05242566510172145 0.5578936582457709 0.04538341158059469 0.6815895372233399
0 0.13106416275430358 0.5831377151799687 0.1056338028169014 0.6311014233549443
0 0.25039123630672927 0.4998323272971161 0.12206572769953052 0.8179074446680081
0 0.35093896713615025 0.4569174305089798 0.06338028169014091 0.42914896788136225
0 0.4088419405320814 0.5376984126984127 0.05242566510172139 0.8330538788285267
0 0.47065727699530524 0.48216148744317766 0.07276995305164327 0.762370519412773
0 0.5625978090766823 0.5277684626276176 0.0954616588419406 0.9444630747447649
0 0.6924882629107979 0.3938072881734853 0.12832550860719869 0.626052611968105
0 0.8423317683881063 0.41400253372084356 0.08528951486697978 0.8280050674416871
0 0.9174491392801252 0.42157575080110293 0.06964006259780903 0.7320776510917356
