0 0.06494522691705791 0.3746224114714124 0.07042253521126762 0.47850929868617387
0 0.15023474178403756 0.43128798631582765 0.08137715179968702 0.40925137387633287
0 0.24295774647887328 0.5776740546639006 0.07902973395931145 0.5698038359355097
0 0.3329420970266041 0.5288786985478764 0.07276995305164323 0.4596207737380354
0 0.42527386541471046 0.5792480984095789 0.07433489827856028 0.4218437238417585
0 0.5379499217527387 0.5965625796120391 0.08215962441314559 0.32425301160971
0 0.6091549295774648 0.6170251483058558 0.03677621283255086 0.3588819740146303
0 0.681924882629108 0.6044327983404302 0.08059467918622829 0.37777049896276893
0 0.7609546165884195 0.7209120355206171 0.10250391236306712 0.4092513738763329
0 0.8544600938967136 0.7445226917057901 0.06416275430359945 0.3683262364886996
0 0.9154929577464782 0.7885959165847802 0.051643192488262935 0.31166066164428424
0 0.9467918622848202 0.711467773046548 0.05633802816901407 0.2455508243257998
0 0.9800469483568075 0.7303562979946864 0.03990610328638496 0.49739782363431234
