0 0.03129890453834116 0.643886379071072 0.03912363067292645 0.7122272418578558
0 0.0782472613458529 0.6733176838810642 0.028169014084507057 0.6533646322378717
0 0.15023474178403756 0.61445507426108 0.07511737089201874 0.7710898514778398
0 0.24100156494522693 0.6536968140077362 0.07198748043818465 0.6926063719845277
0 0.3118153364632238 0.6406162340921842 0.05242566510172139 0.7187675318156317
0 0.3615023474178403 0.5788156612631765 0.03442879499217533 0.6998110254820327
0 0.4209702660406886 0.509810434936664 0.07668231611893582 0.980379130126672
0 0.4902190923317684 0.4447397171287685 0.08372456964006268 0.4054979773821124
0 0.5672926447574335 0.49379189181208843 0.0751173708920188 0.8567779844686568
0 0.656885758998435 0.36625623763545634 0.07120500782472611 0.6409484158620486
0 0.7773865414710486 0.5297634865798565 0.11032863849765263 0.7586736351020167
0 0.8759780907668232 0.506540289957776 0.06651017214397498 0.986919420084448
0 0.9565727699530518 0.38260696252989645 0.0524256651017214 0.7652139250597928
