0 0.061815336463223784 0.4687458081824279 0.08137715179968702 0.7974513749161636
0 0.15140845070422537 0.5018108651911468 0.08215962441314555 0.6924211938296445
0 0.25039123630672927 0.472635814889336 0.07824726134585294 0.6029510395707578
0 0.3556338028169014 0.5290409121395037 0.08059467918622847 0.5912810194500335
0 0.4608763693270733 0.5484909456740441 0.07824726134585325 0.544600938967136
0 0.5312989045383412 0.5523809523809523 0.04538341158059467 0.25674044265593565
0 0.6064162754303599 0.573775989268947 0.06103286384976521 0.6807511737089201
0 0.7214397496087637 0.48430583501006025 0.12676056338028174 0.579610999329309
0 0.8364632237871674 0.49792085848423867 0.07511737089201873 0.6224010731052984
0 0.9327073552425672 0.5894701542588864 0.09076682316118938 0.8210596914822265
