0 0.057120500782472605 0.5101993819456825 0.06416275430359937 0.7608753788554108
0 0.12284820031298904 0.6871471444701968 0.061032863849765244 0.595724133832531
0 0.2007042253521127 0.548538063825994 0.05086071987480437 0.7077910500980568
0 0.25 0.6311136863374339 0.02895148669796555 0.5426398050751768
0 0.2871674491392801 0.5219958994473167 0.04851330203442874 0.6311136863374338
0 0.3489827856025039 0.5603345813276281 0.03755868544600943 0.34209900754739403
0 0.41275430359937404 0.5632837107030367 0.05242566510172146 0.6547067213407024
0 0.4757433489827856 0.42467463005883405 0.053208137715179904 0.5426398050751767
0 0.5481220657276995 0.5662328400784453 0.06338028169014087 0.5308432875735426
0 0.6275430359937402 0.4394202769358769 0.053208137715179904 0.7372823438521425
0 0.6975743348982786 0.46301331193914536 0.07120500782472618 0.7254858263505081
0 0.7871674491392802 0.48365721756700536 0.0876369327073553 0.5898258750817139
0 0.8794992175273865 0.47775895881618835 0.06885758998435065 0.672401497593154
0 0.9604851330203442 0.507250252570274 0.06025039123630663 0.5898258750817138
