0 0.048513302034428794 0.4602261456060305 0.09702660406885759 0.7958077101104277
0 0.1467136150234742 0.5009753355815644 0.06338028169014084 0.6088408384579779
0 0.21478873239436616 0.6016498049328836 0.08372456964006257 0.6088408384579779
0 0.2883411580594679 0.5297394696819414 0.03834115805946791 0.7047212854592343
0 0.33998435054773085 0.4698141903061561 0.0524256651017215 0.49857832440653305
0 0.39906103286384975 0.47221120148118756 0.03912363067292645 0.34996363155458576
0 0.47026604068857586 0.4266679891555908 0.07355242566510171 0.7670435760100509
0 0.5508607198748043 0.445844078555842 0.09389671361502344 0.7766316207101766
0 0.6701877934272301 0.44344706738081074 0.08528951486697971 0.6184288831581035
0 0.7809076682316118 0.39071282153011966 0.06885758998435051 0.7047212854592343
0 0.8583724569640063 0.5249454473318785 0.08920187793427231 0.7047212854592343
0 0.9456181533646322 0.474608212656219 0.07902973395931141 0.7766316207101766
