0 0.06651017214397496 0.47798148293859993 0.09859154929577464 0.83646759514255
0 0.15884194053208137 0.5651135240992822 0.04225352112676056 0.4331707189131062
0 0.24530516431924881 0.5551555765380614 0.068075117370892 0.7020353030660686
0 0.3204225352112676 0.587518906112029 0.07902973395931145 0.6572245390405748
0 0.4115805946791862 0.4431286664743271 0.0860719874804382 0.7468460670915624
0 0.5215179968701097 0.36844405976517075 0.0586854460093896 0.4481076402549374
0 0.5942879499217527 0.418233797571275 0.08841940532081381 0.7070142768466792
0 0.7124413145539907 0.4082758500100542 0.08059467918622844 0.49789737806104173
0 0.8305946791862285 0.48296045671921045 0.09154929577464785 0.7070142768466792
0 0.9479655712050078 0.5302607076350094 0.09154929577464785 0.8812783591680438
