0 0.03560250391236307 0.5705458014448945 0.07120500782472614 0.8084657105494457
0 0.11619718309859156 0.6028844298668724 0.08998435054773082 0.7437884537054902
0 0.19913928012519563 0.48276952429952613 0.05086071987480437 0.33724569640062596
0 0.28129890453834117 0.5854663751152271 0.10876369327073554 0.8290672497695458
0 0.37832550860719877 0.601635689326216 0.0727699530516432 0.796728621347568
0 0.4604851330203442 0.5520665852037644 0.0696400625978091 0.3742041288828863
0 0.5395148669796557 0.5197279567817866 0.0774647887323944 0.7992261024288808
0 0.630281690140845 0.5728557034750359 0.07120500782472604 0.7299290415246424
0 0.7527386541471048 0.5335873689626343 0.10954616588419412 0.6883508049820997
0 0.8634585289514868 0.4296417776062769 0.09154929577464785 0.6744913928012519
0 0.937793427230047 0.5266576628722104 0.053990610328638555 0.7206894334040774
