0 0.08450704225352113 0.6049848659488535 0.1111111111111111 0.6674210264916176
0 0.17996870109546165 0.564589131595963 0.05164319248826292 0.870821736808074
0 0.24452269170579025 0.6006789238424559 0.07120500782472611 0.6501972580660275
0 0.3587636932707355 0.6480442870128287 0.10406885758998435 0.5726903001508719
0 0.4714397496087637 0.5856081264700645 0.09311424100156486 0.7750695791515559
0 0.5649452269170578 0.5856081264700645 0.08607198748043814 0.7492339265131708
0 0.6662754303599375 0.6071378370020523 0.06494522691705773 0.5339368211932942
0 0.7550860719874806 0.654503200172425 0.09076682316118934 0.5769962422572695
0 0.859546165884194 0.6308205185872386 0.08841940532081395 0.4349001527461509
0 0.9381846635367763 0.6006789238424562 0.04225352112676055 0.7535398686195686
