0 0.044209702660406885 0.5490245494781917 0.04773082942097027 0.6159787628291906
0 0.10954616588419405 0.5260688191864206 0.07668231611893582 0.5471115719538775
0 0.19796557120500782 0.6121528077805621 0.0782472613458529 0.6121528077805621
0 0.28638497652582157 0.6867589312288181 0.09389671361502344 0.5624153921483915
0 0.3806729264475743 0.6083268527319337 0.05399061032863848 0.6045008976833052
0 0.45109546165884196 0.6121528077805621 0.05242566510172139 0.2601649433067388
0 0.5262128325508607 0.6618902234127327 0.08841940532081374 0.5968489875860481
0 0.615414710485133 0.6427604481695899 0.10093896713615015 0.6045008976833045
0 0.7496087636932708 0.5949360100617338 0.10798122065727696 0.6159787628291906
0 0.8571987480438185 0.6351085380723333 0.07589984350547738 0.6427604481695903
0 0.945226917057903 0.5031130888946495 0.06103286384976528 0.7001497738990179
