0 0.04929577464788732 0.5897535492732575 0.08137715179968702 0.7589871764560183
0 0.12010954616588419 0.5205216108803097 0.03834115805946792 0.302569212235845
0 0.1936619718309859 0.4871877146170387 0.058685446009389686 0.6256515914029339
0 0.2715179968701096 0.4974442980826606 0.0375586854460094 0.2974409205030343
0 0.34076682316118934 0.5820611116740411 0.038341158059467945 0.7230891343263417
0 0.4057120500782473 0.5461630695443646 0.07433489827856028 0.630779883135745
0 0.48200312989045385 0.41539163035768567 0.05320813771517997 0.42051992209049666
0 0.5414710485133021 0.3974426092928474 0.02973395931142413 0.5794969658076355
0 0.594679186228482 0.46923869355220055 0.05633802816901415 0.7846286351200731
0 0.713223787167449 0.433340651422524 0.10093896713615023 0.5282140484795262
0 0.8247261345852895 0.38462187996082015 0.04381846635367765 0.6666779252654216
0 0.9096244131455399 0.4589821100865786 0.08998435054773082 0.7743720516544511
