0 0.0661189358372457 0.39345280502731045 0.032081377151799685 0.5853016934290568
0 0.13928012519561814 0.4227178896987633 0.09546165884194052 0.5462815805337863
0 0.2124413145539906 0.430847079885278 0.04147104851330205 0.5820500173544509
0 0.30477308294209704 0.4893772492281836 0.10406885758998435 0.5625399609068157
0 0.40375586854460094 0.5072614676385159 0.05007824726134587 0.5527849326829981
0 0.49217527386541476 0.46498967866863966 0.1001564945226918 0.5983083977274803
0 0.5657276995305165 0.5072614676385159 0.04381846635367772 0.5657916369814217
0 0.627151799687011 0.5446557424964835 0.07276995305164313 0.5235198480115453
0 0.7218309859154928 0.6145667781005097 0.0477308294209702 0.5462815805337864
0 0.8305946791862285 0.505635629601213 0.1165884194053207 0.41296286147494565
0 0.9495305164319248 0.5657916369814215 0.09154929577464785 0.5332748762353627
