0 0.06377151799687011 0.49561464975591535 0.09937402190923318 0.6029126667133815
0 0.15179968701095461 0.5841780923239827 0.07355242566510171 0.2145960339149324
0 0.23904538341158058 0.5807718060713647 0.07746478873239436 0.5211617966505501
0 0.3258998435054773 0.6318660998606342 0.08528951486697967 0.2350337514306402
0 0.4366197183098592 0.5092397947663873 0.0751173708920188 0.534786941661022
0 0.5152582159624413 0.6080220960923084 0.07433489827856021 0.22140860642016832
0 0.6126760563380281 0.5450058004188759 0.09076682316118934 0.5041303653874603
0 0.7171361502347418 0.7016949680393028 0.11345852895148667 0.44281721284033665
0 0.7989045383411582 0.7170232561760836 0.09859154929577457 0.2145960339149324
0 0.8967136150234742 0.6097252392186174 0.02816901408450704 0.4973177928822243
0 0.9507042253521126 0.4530360715981906 0.08137715179968694 0.7153201130497746
