0 0.06103286384976526 0.5368070999093979 0.1048513302034429 0.9263858001812042
0 0.13067292644757433 0.5407812371303846 0.048513302034428794 0.4813236141998188
0 0.2112676056338028 0.5707828844411498 0.07981220657276995 0.8584342311177003
0 0.3274647887323944 0.5266246602421546 0.09311424100156493 0.49831150646569466
0 0.41118935837245685 0.5226505230211679 0.08372456964006254 0.94337369244708
0 0.5136932707355243 0.4841549295774648 0.09311424100156486 0.9116835516020098
0 0.6111111111111112 0.404878099003377 0.07668231611893582 0.7418046289432502
0 0.7108763693270737 0.390721522115147 0.07589984350547738 0.6795156906350382
0 0.8114241001564946 0.38505889135985505 0.04538341158059481 0.6908409521456222
0 0.877151799687011 0.390721522115147 0.06729264475743349 0.7361419981879581
0 0.9491392801251957 0.404878099003377 0.07042253521126753 0.7531298904538342
