0 0.0528169014084507 0.5921690140845071 0.0837245696400626 0.815661971830986
0 0.1443661971830986 0.6528638497652582 0.03677621283255087 0.6810266040688576
0 0.1936619718309859 0.6587355242566509 0.05242566510172146 0.6518059467918624
0 0.2824726134585289 0.6631048513302034 0.0704225352112676 0.5683755868544601
0 0.37284820031298904 0.5197308294209703 0.08059467918622844 0.7424726134585289
0 0.4284037558685446 0.6707856025039124 0.038341158059467945 0.3993990610328638
0 0.5093896713615024 0.5972895148669797 0.0907668231611894 0.8054209702660406
0 0.6064162754303599 0.649245696400626 0.07668231611893582 0.7015086071987482
0 0.7163536776212834 0.6528638497652582 0.0978090766823162 0.6400625978090767
0 0.8020344287949922 0.5734960876369325 0.053208137715179904 0.5427730829420969
0 0.8697183098591549 0.47364632237871673 0.06964006259780917 0.701508607198748
0 0.9487480438184663 0.542773082942097 0.0727699530516432 0.7475931142410016
