0 0.07472613458528951 0.5349256030007205 0.11189358372456963 0.9301487939985593
0 0.17292644757433492 0.458398539384455 0.09076682316118938 0.5675410487617062
0 0.2683881064162755 0.5196456516879052 0.13458528951486703 0.9607086966241896
0 0.38615023474178406 0.5392913033758104 0.05712050078247259 0.9214173932483791
0 0.47339593114240996 0.44748428844672977 0.09859154929577464 0.6330265543880568
0 0.5614241001564946 0.42565578657127967 0.07433489827856021 0.5981009513873365
0 0.6334115805946792 0.34489032963211375 0.05399061032863841 0.375450232257744
0 0.7441314553990611 0.30559902625630325 0.08450704225352113 0.5762724495118862
0 0.8286384976525821 0.3405246292570237 0.08450704225352113 0.5937352510122464
0 0.9209702660406888 0.2728562734431279 0.10485133020344248 0.5457125468862558
