0 0.0727699530516432 0.44158671837790037 0.08763693270735524 0.4525351494120632
0 0.15492957746478875 0.4288135488380436 0.059467918622848226 0.39779299424124903
0 0.21830985915492956 0.4799062269974701 0.09076682316118934 0.44158671837790026
0 0.3102503912363067 0.5218752126284276 0.07120500782472611 0.4525351494120631
0 0.38771517996870114 0.5583699827423036 0.05242566510172146 0.3868445632070862
0 0.4428794992175274 0.6094626609017303 0.08294209702660403 0.34305083907043504
0 0.5500782472613459 0.5236999511341215 0.05946791862284826 0.5072773045828771
0 0.6279342723004695 0.6550811235440753 0.08841940532081381 0.4123909022867995
0 0.7214397496087637 0.6477821695213 0.0782472613458529 0.6313595229700558
0 0.8333333333333335 0.5839163218220169 0.10954616588419398 0.4744320114803888
0 0.9397496087636932 0.6569275114896671 0.05633802816901408 0.6861449770206659
