0 0.06142410015649452 0.5545254650264456 0.09467918622848201 0.76918048374636
0 0.1506259780907668 0.5634694241397753 0.08998435054773082 0.7334046472930409
0 0.2777777777777778 0.48744577167647235 0.11580594679186226 0.5992452605930945
0 0.3489827856025039 0.5813573423664349 0.04538341158059467 0.27726273251322275
0 0.4272300469483568 0.6305491174897486 0.07668231611893582 0.6350210970464135
0 0.5199530516431925 0.5187496285731266 0.08059467918622844 0.5276935876864564
0 0.6212832550860721 0.48073780234147506 0.09702660406885748 0.6663249539430677
0 0.6948356807511737 0.5657054139181078 0.06885758998435065 0.2638467938432282
0 0.7386541471048514 0.5813573423664349 0.043818466353677504 0.5366375467997861
0 0.8215962441314554 0.5992452605930945 0.06729264475743335 0.5276935876864562
0 0.890453834115806 0.4382539965531586 0.05477308294209706 0.6707969334997326
0 0.9495305164319251 0.4628498841148155 0.06964006259780903 0.6305491174897486
