0 0.04655712050078248 0.5161345852895148 0.0915492957746479 0.8106520605112153
0 0.14358372456964008 0.504470526864893 0.07902973395931145 0.7873239436619719
0 0.22183098591549297 0.48697443922796035 0.07589984350547727 0.833980177360459
0 0.2906885758998435 0.5657068335941575 0.02738654147104853 0.7581637976004173
0 0.36424100156494527 0.4753103808033385 0.09467918622848202 0.6590193009911318
0 0.4495305164319249 0.4374021909233177 0.06651017214397498 0.7698278560250391
0 0.5074334898278561 0.4694783515910276 0.05242566510172154 0.7290036515388627
0 0.5653364632237872 0.4519822639540949 0.0696400625978091 0.6823474178403756
0 0.6369327073552427 0.36450182576943135 0.035993740219092345 0.41407407407407404
0 0.6854460093896714 0.4111580594679186 0.06572769953051648 0.7056755346896192
0 0.7382629107981221 0.44031820552947315 0.03364632237871689 0.6706833594157539
0 0.800469483568075 0.3528377673448096 0.05477308294209706 0.5890349504434012
0 0.8677621283255087 0.37324986958789774 0.07042253521126768 0.7348356807511736
0 0.9467918622848207 0.5161345852895152 0.050078247261345916 0.9506207616066775
