0 0.051251956181533644 0.5971626862625026 0.0649452269170579 0.8056746274749949
0 0.13302034428794993 0.5714431516636048 0.07355242566510173 0.8571136966727902
0 0.19522691705790296 0.4686670749132476 0.04303599374021907 0.45723617064707084
0 0.2699530516431925 0.5057154521330883 0.07355242566510171 0.9885690957338232
0 0.34350547730829417 0.428658909981629 0.08137715179968705 0.35435803225148005
0 0.4284037558685446 0.40865482751581955 0.09311424100156493 0.7030006123698714
0 0.5129107981220657 0.4600938967136151 0.08685446009389679 0.8401714635639927
0 0.6111111111111112 0.4486629924474383 0.10954616588419391 0.8858950806286998
0 0.7081377151799687 0.49724433557868963 0.10485133020344278 0.5829761175750154
0 0.8384194053208138 0.4715248009797919 0.09467918622848202 0.9087568891610535
0 0.9256651017214398 0.4858134313125128 0.0829420970266041 0.9487650540926721
