0 0.018388106416275432 0.5198481549522579 0.02582159624413146 0.7445567122542016
0 0.05790297339593115 0.47960184618176044 0.04068857589984352 0.7043104034837042
0 0.10093896713615026 0.5466790274659228 0.035993740219092345 0.7043104034837042
0 0.14358372456964008 0.5567406046585471 0.0539906103286385 0.6841872490984555
0 0.1909233176838811 0.5936330543648364 0.018779342723004716 0.5299097321448821
0 0.23004694835680756 0.6104023496858769 0.05633802816901415 0.5366174502732985
0 0.3004694835680751 0.48630956431017663 0.08294209702660407 0.5701560409153795
0 0.3748043818466354 0.43935553741126304 0.05946791862284826 0.7848030210246989
0 0.4291862284820032 0.5265558730806742 0.022691705790297334 0.8518802023088614
0 0.46126760563380287 0.5265558730806742 0.04303599374021907 0.7043104034837043
0 0.5086071987480438 0.43935553741126315 0.03912363067292645 0.3823399333197252
0 0.563380281690141 0.45947869179651185 0.059467918622848254 0.9189573835930236
0 0.6392801251956183 0.44270939647547125 0.06572769953051655 0.7512644303826178
0 0.7151799687010957 0.4158785239618063 0.046948356807511686 0.8317570479236126
0 0.7797339593114243 0.4259401011544307 0.07433489827856037 0.5567406046585471
0 0.839984350547731 0.4829557052459686 0.03677621283255078 0.8183416116667801
0 0.8830203442879501 0.493017282438593 0.05086071987480437 0.6238177859427094
0 0.9432707355242568 0.4865845637431675 0.06651017214397498 0.9731691274863351
