0 0.04733959311424101 0.4807409908461423 0.044600938967136156 0.8169817994726349
0 0.10876369327073554 0.4890775398203529 0.059467918622848226 0.5891161275108796
0 0.1838810641627543 0.5474333826398268 0.06259780907668229 0.772520204943512
0 0.2734741784037559 0.43627939631701934 0.03677621283255086 0.28344266512315913
0 0.3556338028169014 0.49463523913649327 0.0852895148669796 0.8225394987887753
0 0.44248826291079807 0.5307602846914058 0.0727699530516432 0.6502508199884238
0 0.5328638497652582 0.47518329153000194 0.0704225352112676 0.461289043239651
0 0.6071987480438185 0.41682744871052807 0.06259780907668229 0.5557699316140374
0 0.6870109546165883 0.4418370956331597 0.07511737089201873 0.6947124145175468
0 0.7848200312989045 0.40571205007824723 0.0782472613458529 0.522423735717195
0 0.8607198748043804 0.369394066070701 0.05633802816901398 0.7165573348768406
0 0.8724569640062597 0.3612504555491243 0.029733959311424057 0.044461594529122975
0 0.918622848200313 0.41682744871052807 0.04538341158059467 0.46684674255579134
0 0.971830985915493 0.5113083370849144 0.04538341158059467 0.8558856946856176
