6 0.04720980145930717 0.06522406780562175 0.028160232449411335 0.023604900729653662
1 0.06791585473093315 0.06273934141302664 0.023190779664221086 0.028574353514843828
5 0.08572306054453145 0.061807569015803504 0.010767147701245507 0.02919553511299262
1 0.10063141890010216 0.059322842623208395 0.0173930847481658 0.029195535112992613
7 0.11678214045197045 0.058391070225985234 0.019877811140760926 0.03354380630003407
14 0.13293286200383872 0.05559575303431572 0.017393084748165765 0.02298371913150481
14 0.13210461987297367 0.08976074093249857 0.022362537533356052 0.02795317191669506
14 0.1432858886396517 0.12299395643345826 0.019877811140760926 0.019877811140760926
14 0.13086225667667611 0.1537424455418228 0.02319077966422107 0.02174135593520724
14 0.12630692495691842 0.18324857145388979 0.025675506056816212 0.021120174337058515
14 0.1325187409384062 0.21089115257151048 0.024847263925951157 0.02174135593520724
14 0.14991182568657202 0.24257141407709823 0.023190779664221086 0.020498992738909757
14 0.13148005609768573 0.2710734657094325 0.02567550605681607 0.019256629542612185
14 0.15782834238859478 0.30743370457387853 0.018823684792387246 0.022023711207093087
14 0.13109870998340487 0.33228096849982963 0.027106106101037638 0.024282553382179585
14 0.13185165737510038 0.36503418003858346 0.024094316534255693 0.020894290119549838
14 0.14239292085883723 0.39383441777093586 0.027106106101037638 0.023153132294636267
14 0.1499223947757921 0.4260229187659181 0.021082526967473713 0.020894290119549838
14 0.15218123695087857 0.4551055117701564 0.021082526967473692 0.02258842175086471
14 0.15029886847163987 0.4853175258619378 0.02032957957577823 0.022023711207093014
14 0.15368713173426962 0.5163766057693767 0.025600211317646657 0.017506026856920157
14 0.14352234194638047 0.5494121725800164 0.02484726392595114 0.021459000663321532
14 0.16159307934707223 0.5768006339529399 0.026353158709342104 0.019764869032006516
14 0.158957763476138 0.6087067796760363 0.021082526967473713 0.018070737400691782
14 0.15632244760520378 0.6465423861087345 0.02635315870934214 0.015811895225605353
14 0.1758990797892865 0.6747779132973154 0.021835474359169212 0.019200158488235104
14 0.16611076369724515 0.7089429011954982 0.021835474359169195 0.01863544794446355
14 0.1683696058723316 0.7445196654531101 0.02032957957577821 0.017506026856920015
14 0.16234602673876763 0.7761434559043207 0.027859053492733103 0.01976486903200666
14 0.1664013735647032 0.8091278362051934 0.028612000884428602 0.023717842838407818
14 0.17468379487335361 0.8410339819282896 0.01505894783390982 0.016376605769376766
14 0.15548363638511864 0.877175456729673 0.021835474359169212 0.015247184681833802
14 0.13402463572179715 0.907105115549569 0.01807073740069173 0.019764869032006516
14 0.14494237290138176 0.9412701034477519 0.02635315870934212 0.01920015848823496
14 0.3957597181643695 0.04207093551098549 0.029364948276123997 0.026541395557266013
14 0.43416003514083956 0.07397708123408185 0.02484726392595114 0.01920015848823498
14 0.39952445512284696 0.10249496369454852 0.02936494827612414 0.020894290119549856
14 0.38559492837648035 0.137224662136503 0.040659159151556566 0.021459000663321463
14 0.434912982532535 0.1665896104126271 0.041412106543251996 0.01920015848823498
14 0.521878406273364 0.18946038743537763 0.02258842175086471 0.02428255338217955
14 0.42324229796125495 0.22701363859619014 0.0316237904512105 0.022588421750864677
14 0.42060698209032066 0.2558138763285426 0.02635315870934207 0.018070737400691712
14 0.42738350861558005 0.28630824569221 0.03237673784290607 0.02032957957577825
14 0.3475710850958582 0.3207555888622786 0.033882632626297135 0.01920015848823496
14 0.3867243494640236 0.35350880040103244 0.035388527409688064 0.02032957957577821
14 0.4656979617636604 0.4094151442344225 0.02484726392595114 0.02484726392595121
14 0.4370859608792317 0.44188600050129057 0.035388527409687995 0.020894290119549838
14 0.43934480305431817 0.47633334367135916 0.02785905349273314 0.01637660576937684
14 0.502968857652587 0.5008982523254246 0.02409431653425564 0.01920015848823496
14 0.5191572265740401 0.5316749769609777 0.02635315870934207 0.024282553382179585
14 0.5308279111453202 0.5590634383339012 0.025600211317646667 0.02484726392595114
14 0.5391961962823603 0.5925613426687781 0.02560021131764657 0.023153132294636333
14 0.5346785119321873 0.6275733963826184 0.03162379045121057 0.019764869032006586
14 0.5117136164854749 0.6603266079213722 0.03237673784290607 0.02202371120709302
14 0.5369373541072737 0.6899739114693821 0.03011789566781957 0.023717842838407818
14 0.4951487738681742 0.7232918335519075 0.033882632626297135 0.02032957957577821
14 0.5245137221442983 0.758021531993862 0.035388527409687995 0.024282553382179658
14 0.46164261493772485 0.7935982962514738 0.043670948718338494 0.028800237732352515
14 0.5019253003934335 0.8288927052372 0.03990621175986092 0.024847263925951067
14 0.4552425621083131 0.8681400880293273 0.033882632626297066 0.022023711207093156
14 0.4959017212598697 0.9031521417431675 0.03840031697646999 0.03444734317006862
14 0.616373303931148 0.9356229980100355 0.03689442219307899 0.025976685013494177
14 0.7955747831546744 0.01355305305051881 0.036894422193078924 0.020329579575778217
14 0.7620686242242252 0.04461213295795776 0.036141474801383563 0.021459000663321452
14 0.7639509927034639 0.07934183139991222 0.03990621175986092 0.025411974469722765
14 0.7884217829335673 0.11576566147318151 0.03312968523460171 0.027106106101037638
14 0.759433308353291 0.1471070966525063 0.03840031697646992 0.025411974469722765
14 0.8128925731636707 0.1764720449286304 0.04141210654325192 0.02654139555726598
14 0.7831511511916989 0.20753112483606934 0.034635580017992565 0.022023711207093087
14 0.7639509927034639 0.23915491528727992 0.03840031697646992 0.020894290119549838
14 0.7033387276719769 0.27106106101037625 0.036141474801383563 0.02032957957577825
14 0.7831511511916989 0.29844952238329975 0.04517684350172928 0.0231531322946363
14 0.7846570459750899 0.33289686555336845 0.03764736958477442 0.024282553382179585
14 0.7067269909346067 0.36565007709212216 0.033882632626297066 0.01524718468183366
14 0.7394802024733604 0.3916267621056166 0.03011789566781957 0.023153132294636336
14 0.7782569931456783 0.4249446841881421 0.03840031697647007 0.024282553382179516
14 0.7914335725003494 0.4579802509987816 0.033129685234601566 0.02371784283840789
14 0.8689871538449847 0.4907334625375354 0.02409431653425571 0.01920015848823496
14 0.8576929429695522 0.5184042791823447 0.02710610610103757 0.02371784283840796
14 0.8271985736058849 0.5539810434399565 0.03237673784290607 0.02258842175086471
14 0.8358574686103831 0.5833459917160806 0.03463558001799271 0.021459000663321532
14 0.8829166805913513 0.6169462690704919 0.02785905349273321 0.020894290119549908
14 0.9002344706003476 0.6513936122405605 0.021835474359169212 0.018635447944463267
14 0.8648459431906597 0.6804762052447988 0.03237673784290607 0.02936494827612421
14 0.8674812590615937 0.7145388201234474 0.03915326436816542 0.02992965881989548
14 0.79632773054637 0.7501155843810592 0.03237673784290593 0.024282553382179516
14 0.8253162051266463 0.7862570591824428 0.04065915915155628 0.02654139555726587
14 0.8509164164442931 0.8187279154493109 0.033129685234601566 0.025976685013494462
14 0.8945873651626315 0.8576929429695523 0.02710610610103757 0.027106106101037426
14 0.8689871538449847 0.892140286139621 0.036141474801383563 0.02710610610103771
14 0.8889402597249152 0.926022918765918 0.03538852740968821 0.02710610610103771
5 0.04894158046020682 0.09515372662551752 0.016564842617300766 0.027670816644809245
5 0.12649516180484227 0.12338925381409836 0.01204715826712782 0.01863544794446337
5 0.10917737179584601 0.15586011008096637 0.01204715826712782 0.021459000663321463
5 0.06889468634013729 0.188895676891606 0.01280010565882332 0.019764869032006624
5 0.12950695137162418 0.24480202072499607 0.013553053050518802 0.019764869032006586
5 0.10729500331660727 0.27331990318546273 0.009788316092041373 0.020329579575778176
5 0.06776526525259408 0.27360225845734854 0.012047158267127838 0.01863544794446337
5 0.06889468634013732 0.24677850762819672 0.017317790008996265 0.023717842838407926
5 0.09863610831210914 0.24875499453139743 0.010541263483736856 0.01863544794446341
5 0.11143621397093247 0.3376969051754271 0.019576632184082746 0.02258842175086471
5 0.10880089809999825 0.36565007709212216 0.01129421087543232 0.025411974469722765
5 0.1536012679058799 0.3648030112764647 0.009035368700345856 0.021459000663321532
5 0.0688946863401373 0.48960404144999214 0.008282421308650392 0.02258842175086471
5 0.11745979310449638 0.48536871237170504 0.00752947391695491 0.025411974469722834
5 0.17167200530657165 0.5147336606478291 0.010541263483736856 0.019764869032006444
5 0.16602489986885544 0.5474868721865829 0.017317790008996248 0.023153132294636336
5 0.1818367950944608 0.578263596822136 0.017317790008996248 0.03049436936366732
5 0.17393084748165813 0.6395346908213565 0.009035368700345856 0.028800237732352515
5 0.1904956900989589 0.6734173234476536 0.006023579133563892 0.02428255338217951
5 0.06663584416505083 0.6154321196915287 0.014306000442214301 0.02597668501349439
5 0.07153000221107152 0.7088917146857312 0.013553053050518819 0.02654139555726587
5 0.12536574071729903 0.7103034910451603 0.008282421308650374 0.02710610610103757
5 0.13289521463425394 0.7427743473120282 0.008282421308650392 0.024282553382179373
5 0.07416531808200572 0.775809914122668 0.01280010565882332 0.02597668501349432
5 0.1686602157397897 0.8757636803702442 0.009035368700345927 0.02258842175086457
5 0.15887189964774834 0.9090816024527696 0.007529473916954892 0.024847263925951206
6 0.1685472736310354 0.30714324120466374 0.014577061503224655 0.021182292496873315
6 0.1571589443316411 0.3334502818862644 0.028243056662497813 0.02869858983447358
6 0.16490300825522916 0.39187241119215704 0.02368772494274012 0.028015290076509984
6 0.07197424117217187 0.3679569196634292 0.027331990318546284 0.028015290076509842
6 0.08336257047156614 0.5172579167784883 0.028243056662497813 0.027331990318546245
6 0.12436055594938557 0.5203327656893247 0.02642092397459475 0.023915491528728055
6 0.08609576950342075 0.6142864824093277 0.030065189350400902 0.03416498789818277
6 0.18904626636994507 0.7424051870275133 0.030065189350400878 0.029381889592437323
6 0.13392675256087672 0.8414836519322434 0.020043459566933937 0.025282091044655317
7 0.11069456079011243 0.09019556805120271 0.02277665859878857 0.025965390802618976
7 0.07880723875180844 0.09668691575185746 0.02095452591088546 0.0252820910446553
7 0.09566196611491197 0.12436055594938555 0.02368772494274012 0.023232191770764334
7 0.16672514094313226 0.24052151480320721 0.02186559225483702 0.027331990318546287
7 0.06924104214031723 0.33720843055506466 0.027331990318546284 0.021182292496873388
7 0.12937142084111897 0.48821767706503266 0.020043459566934062 0.025282091044655574
9 0.23551064991147075 0.4497674229027073 0.04099798547781895 0.03037755367564948
7 0.12982695401309483 0.6108607878396973 0.013665995159273142 0.02528209104465546
7 0.07379637386007495 0.7423959912477014 0.02733199031854629 0.027331990318546103
7 0.13848208428063447 0.7810024275726479 0.018221326879030855 0.026648690560582652
7 0.14212634965644064 0.8138008159549034 0.02186559225483702 0.02938188959243746
7 0.15761447750361687 0.840449506515486 0.010932796127418527 0.02254889201280065
7 0.18449093465018737 0.8090177176491578 0.013665995159273123 0.02664869056058251
7 0.07561850654797803 0.9453360193629073 0.0255098576306432 0.028698589834473865
7 0.11661649202579744 0.9429444702100347 0.02004345956693392 0.028015290076510126
8 0.12299395643345826 0.8780309932034871 0.02368772494274012 0.022548892012800928
8 0.07835170557983259 0.8787142929614497 0.021865592254837085 0.02391549152872783
9 0.15488583380348206 0.05498171502454567 0.0231501957998087 0.030591330164032923
9 0.10362468596104848 0.18478817004490167 0.019843024971264604 0.023976988506944713
9 0.16205137059866093 0.15295665082016466 0.024252586075990033 0.02645736662835281
9 0.14220834562739632 0.3038463198724893 0.013228683314176396 0.02397698850694475
9 0.18299678584610693 0.3054999052867613 0.01984302497126457 0.02232340309267265
9 0.12181412551804105 0.30467311257962526 0.01433107359035775 0.027284159335488844
9 0.09535675888968824 0.3054999052867613 0.0231501957998087 0.02563057392121685
9 0.06559222143279135 0.3083936797617374 0.018740634695083244 0.024803781214080695
9 0.08433285612787458 0.6816848077526305 0.023150195799808707 0.0248037812140808
9 0.1361451991083988 0.6800312223383584 0.012126293037995008 0.028110952042625002
9 0.09370317347541618 0.7738721945982973 0.022047805523627347 0.028937744749760838
9 0.14496432131784975 0.7416272790199924 0.018740634695083233 0.02563057392121678
9 0.1868551518127417 0.772632005537593 0.023150195799808735 0.02976453745689696
6 0.076616124194605 0.8437361783512913 0.0231501957998087 0.0248037812140808
4 0.174177663636656 0.9421245105004783 0.017638244418901897 0.028110952042625002
4 0.18850873722701372 0.9057456313864932 0.011023902761813637 0.0231501957998087
4 0.1763824441890187 0.9061590277400613 0.013228683314176416 0.028937744749760838
4 0.2022886156792808 0.8743275085153244 0.018740634695083216 0.01984302497126464
4 0.18630395667465102 0.8701935449796443 0.008819122209450931 0.0231501957998087
4 0.1989814448507367 0.8077706955908742 0.00992151248563232 0.025630573921216922
4 0.09701034430396031 0.8114912627729867 0.011023902761813673 0.026457366628353043
4 0.08488405126596525 0.9131867657507174 0.01543346386653913 0.026457366628352758
4 0.12126293037995037 0.9090528022150373 0.013228683314176396 0.0181894395569924
4 0.096490208245777 0.8447046004628053 0.014080116224705659 0.024847263925951067
4 0.096490208245777 0.7412778643710334 0.025675506056816212 0.029195535112992558
4 0.10187378209639977 0.7089764212672969 0.014908358355570694 0.019256629542612133
4 0.08737954480626157 0.70990819366452 0.01739308474816582 0.02360490072965362
4 0.1358317094618663 0.7095976028654458 0.009938905570380463 0.021741355935207308
4 0.14494237290138176 0.7102187844635947 0.011595389832110517 0.01925662954261199
4 0.15115418888286958 0.6785385229580069 0.01573660048643575 0.022983719131504897
4 0.10394438742356236 0.6782279321589324 0.019049569009895892 0.01863544794446341
4 0.0960760871803445 0.6459264890551958 0.018221326879030855 0.027331990318546245
4 0.1325187409384062 0.6468582614524192 0.01325187409384066 0.02049899273890972
4 0.10435850848899487 0.6108297287597899 0.009938905570380463 0.026710808720397595
4 0.13873055691989397 0.6114509103579387 0.01573660048643575 0.022983719131504755
4 0.17848617920141585 0.42416465851608187 0.014080116224705641 0.021120174337058442
4 0.1793144213322809 0.4518072396337025 0.010767147701245499 0.019256629542612133
4 0.15281067314459965 0.27042221297425906 0.014080116224705659 0.02049899273890972
4 0.15778012592978985 0.20737228076215797 0.024019021795086103 0.02236253753335603
4 0.1519824310137346 0.08996895871203872 0.01573660048643571 0.024847263925951168
4 0.07992536562847619 0.2741493025631517 0.014080116224705688 0.022983719131504824
8 0.054663980637092546 0.12609986442420215 0.019877811140760926 0.028574353514843852
8 0.06667349153463561 0.15840130752793866 0.022362537533356052 0.028574353514843786
8 0.0919348765260193 0.45812142863472444 0.019877811140760926 0.02919553511299263
8 0.06957233899266325 0.4584320194337989 0.021534295402491015 0.028574353514843834
8 0.12589280389148588 0.4550155206439806 0.02319077966422112 0.021741355935207308
8 0.1648201840421427 0.4547049298449062 0.013251874093840623 0.02484726392595114
8 0.1760014528088207 0.4854534189532708 0.024019021795086103 0.03043789830929022
8 0.15570952060262724 0.1810744358603691 0.028160232449411318 0.026710808720397487
10 0.19173805329525642 0.8394245568785407 0.02401902179508614 0.03043789830929029
10 0.1776579370705508 0.8742107263748722 0.01242363196297557 0.02049899273890972
10 0.12257983536802572 0.6468582614524191 0.009938905570380463 0.025468445524099863
10 0.1374881937235964 0.5822553752449461 0.014908358355570694 0.022983719131504828
10 0.12340807749889075 0.5822553752449461 0.011595389832110534 0.030437898309290078
10 0.09814669250750707 0.5791494672542022 0.01739308474816582 0.024226082327802274
10 0.07785476030131365 0.5810130120486485 0.021534295402491008 0.030437898309290147
10 0.07909712349761121 0.5496433413421351 0.024019021795086113 0.028574353514843834
10 0.11968098790999808 0.5490221597439864 0.014080116224705659 0.02484726392595114
10 0.07868300243217867 0.4275811573059002 0.016564842617300776 0.024226082327802417
10 0.1668907893693053 0.42478584011423065 0.01573660048643575 0.02360490072965362
10 0.074955912843286 0.21700059553346407 0.022362537533356052 0.026710808720397453
10 0.11388329299394283 0.21420527834179454 0.019049569009895892 0.028574353514843873
10 0.1648201840421427 0.12071744782040328 0.021534295402491015 0.025468445524099933
11 0.11885274577913306 0.394037351005866 0.025675506056816212 0.027953171916695184
11 0.08779366587169407 0.4888699177430888 0.026503748187681274 0.02608962712224887
12 0.1482553414248419 0.9053721793018454 0.014908358355570694 0.021741355935207308
13 0.07578415497415103 0.3975562228152185 0.024019021795086123 0.029816716711141496
13 0.09483372398404694 0.4276835303254343 0.01573660048643573 0.02795317191669504
13 0.1275492881532159 0.42675175792821035 0.01656484261730087 0.033543806300033986
13 0.07992536562847623 0.8128161211776773 0.024019021795086123 0.03168026150558774
13 0.07619827603958357 0.6478924068691765 0.021534295402491008 0.03354380630003412
13 0.07040058112352829 0.9125157676805564 0.016564842617300755 0.028574353514843834
13 0.10684323488158999 0.9094098596898124 0.014908358355570677 0.024847263925951067
1 0.06294640194574293 0.09876787410565584 0.014908358355570693 0.024847263925951154
1 0.11429741405937534 0.12268336563438385 0.014908358355570694 0.024226082327802365
1 0.09276311865688433 0.15467421793904598 0.019877811140760926 0.02608962712224873
1 0.1130550508630778 0.2447455496706189 0.02401902179508614 0.02236253753335603
1 0.0857230605445315 0.2459879128669165 0.017393084748165828 0.026089627122248694
1 0.07951124456304372 0.30841666348086877 0.013251874093840623 0.022983719131504793
1 0.10891384020875254 0.3068637094854969 0.0173930847481658 0.021120174337058515
1 0.1333469830692712 0.30593193708827365 0.014908358355570712 0.019256629542612133
1 0.11264092979764526 0.8440834188646565 0.018221326879030855 0.02360490072965362
2 0.07785476030131364 0.12703163682142532 0.019877811140760926 0.0142871767574219
2 0.08033948669390875 0.18573329784648493 0.016564842617300776 0.012423631962975605
2 0.09607608718034445 0.21523942375855196 0.016564842617300766 0.01180245036482681
2 0.09566196611491197 0.2751834479799091 0.014080116224705659 0.016150721551868266
2 0.09441960291861441 0.3379227893929358 0.018221326879030837 0.011181268766678016
2 0.09524784504947945 0.36587596130963085 0.016564842617300766 0.01490835835557064
2 0.09731845037664204 0.3944503148244747 0.0173930847481658 0.011181268766678016
2 0.11388329299394283 0.42675175792821113 0.014080116224705659 0.013665995159273194
2 0.10808559807788758 0.4559472930412038 0.014080116224705659 0.012423631962975534
2 0.10601499275072496 0.4879381453458659 0.019877811140760943 0.010560087168529292
4 0.11636801938653793 0.2742516755826858 0.010767147701245533 0.020498992738909757
3 0.10883512298143896 0.5190203270482775 0.017796938349166104 0.028748900410191423
3 0.1016478978788911 0.5511061533989374 0.017112440720352052 0.026182034302138533
3 0.11362660638313753 0.5819085466955711 0.01232095731865348 0.029262273631802033
3 0.1191025874136502 0.6129676266030101 0.015058947833909785 0.03182913973985493
3 0.10815062535262487 0.6489037521157494 0.012320957318653463 0.03182913973985471
3 0.11739134334161498 0.6807328918556041 0.018481435977980194 0.02669540752374914
3 0.11225761112550937 0.7094817922657956 0.015058947833909802 0.029775646853412496
3 0.11568009926957977 0.7425943650596767 0.02190392412205062 0.034396005847907675
3 0.11704909452720794 0.7744235047995318 0.020534928864422427 0.027208780745359748
3 0.1143111040119516 0.8144666160851552 0.027379905152563246 0.03234251296146539
4 0.0948029215907503 0.8796650152296965 0.014374450205095712 0.021048302086033033
4 0.1379262722060374 0.8776115223432543 0.007529473916954892 0.01591456986992739
2 0.09856765854922774 0.9458901608174591 0.019165933606794302 0.012834330540264177
0 0.09856765854922774 0.9114941549695513 0.006844976288140803 0.008727344767379606
0 0.10609713246618264 0.8809484482837232 0.005475981030512642 0.014374450205095712
0 0.14623358433755373 0.8387838987239943 0.008485507795215898 0.009334058574737441
5 0.42308665043078336 0.03427163146755075 0.011827072820174393 0.031449261817281866
5 0.8171432048271927 0.011692674265399666 0.01720303141723619 0.023385348530799332
5 0.3558873730434289 0.07942954587185291 0.015052638134767378 0.02338534853079935
5 0.39136859150395203 0.07418800223563927 0.012902261258372079 0.033868435803226626
5 0.6440378744804046 0.05604419734105358 0.017203015011162746 0.02499813118809583
5 0.708011586553166 0.05160904503348819 0.01612782657296492 0.020966174544854575
5 0.796177038485375 0.04193234908970915 0.02042858032575566 0.025804522516744092
5 0.8004777922381656 0.07297841524266688 0.013977449696569692 0.023385348530799332
5 0.5913536410087188 0.09394458978752145 0.023654145640348716 0.026610913845392346
5 0.6289852364762325 0.0903158292304747 0.010751884381976709 0.022578957202151067
5 0.7090867749913636 0.08829985048698369 0.016127826572965062 0.02822369650268884
5 0.7918762847325843 0.14313446083506487 0.020428580325755803 0.02499813118809586
5 0.6478010340140965 0.15523033076478868 0.020428580325755945 0.02661091384539235
5 0.7085491807722648 0.14877920013560264 0.017203015011162677 0.02177256587350282
5 0.8456357066424678 0.17418052698802264 0.016127826572965062 0.032255653145930145
5 0.5590979878627886 0.21732246307070413 0.023654145640348786 0.03628760978917139
5 0.6021055253906955 0.21853205006367651 0.015052638134767449 0.02580452251674405
5 0.8085417055246482 0.20562978880530453 0.010751884381976709 0.022578957202151067
5 0.7977898211426714 0.23264389831502094 0.015052638134767307 0.0185470005589098
5 0.5445829439471201 0.3080414875436326 0.009676695943779023 0.02419173985944756
5 0.5590979878627887 0.30602550922201194 0.012902261258372008 0.020159783216206293
5 0.6284476421918359 0.30400953047852075 0.016127826572964993 0.02419173985944756
5 0.6456506571377011 0.3048159222290396 0.011827072820174464 0.027417305174040615
5 0.5655491184919746 0.4007764903381817 0.01720301501116282 0.025804522516744158
5 0.6596281068342708 0.3963413380306163 0.013977449696569692 0.02661091384539226
5 0.8092577149632314 0.4233448985843321 0.015448766919290051 0.028966437973668917
5 0.8489831156128343 0.42541392986816556 0.008827866811023028 0.02813882546013545
5 0.6812536462033998 0.46182888046363485 0.011034833513778465 0.025655987919535193
5 0.6715981668788435 0.5578319320335084 0.01489702524360098 0.024000762892468473
5 0.9036055415060382 0.6114198422847957 0.016552250270667913 0.035173531825169205
5 0.8743632326945252 0.6521797585763153 0.009931350162400605 0.025655987919535193
5 0.9212612751280841 0.6832152278338177 0.015448766919290194 0.027311212946602124
5 0.8885481814103124 0.7494242288804079 0.014345283567912048 0.02813882546013545
5 0.8179252470226536 0.8241162582628777 0.020966183676179355 0.03269069428456902
5 0.8827548936815464 0.8172884549540652 0.01379354189222326 0.02813882546013545
5 0.914480040268216 0.8561862431622967 0.01324180021653433 0.034759725568402476
5 0.6821967948031771 0.8640646446521398 0.024276633730312937 0.038483981879302714
5 0.9426188657283515 0.9279977113225946 0.01434528356791219 0.02565598791953505
6 0.4399821991757373 0.03807017562253609 0.019862700324801353 0.026483600433068584
6 0.6129532145042165 0.02234553786540162 0.034759725568402476 0.028138825460135374
6 0.6700584775861862 0.0180005721693513 0.03089753313490893 0.030207856743968847
6 0.21156114544052065 0.08462337950878947 0.025380117081690728 0.0260697941763019
6 0.35391049776826433 0.10696891737419109 0.020966183676179286 0.021104119095101518
6 0.37625603563366594 0.16779843711889553 0.022621408703246075 0.025242181662768478
6 0.4399821991757372 0.19655797196418096 0.02869056713582431 0.018207475297734633
6 0.46260360787898336 0.2234553786540162 0.019862700324801422 0.025655987919535193
6 0.46232773704113883 0.25345633226960174 0.022621408703246075 0.024414569149235135
6 0.3894978358502002 0.25469775103990183 0.02924230881151317 0.023586956635701668
6 0.3547381102817978 0.29173341102052114 0.033656242217024686 0.027311212946601982
6 0.403015506904579 0.3778051124279941 0.020966183676179213 0.023173150378934936
6 0.37956648568779955 0.41959954436143043 0.023724892054623865 0.019862700324801353
6 0.5903318058009704 0.4020127784488458 0.027035342108757448 0.02524218166276853
6 0.47777650396042887 0.47256674522756753 0.0424841090280475 0.02813882546013538
6 0.5282608675205225 0.4998779581380886 0.022069667027557072 0.02813882546013538
6 0.3456343726329304 0.47877383907906806 0.03200101718995789 0.025655987919535193
6 0.37708364814719936 0.6014673942103935 0.039725400649602845 0.027725019203368787
6 0.3842562899311554 0.6339511853665794 0.026483600433068587 0.027311212946602055
6 0.3246681889567511 0.667055685907915 0.03751843394684716 0.024828375406001725
6 0.25790744606435834 0.6041571348072151 0.04744978410924787 0.036414950595469266
6 0.4581896744734719 0.6974704457802673 0.035311467244091475 0.031035469257502227
6 0.4620518662032944 0.728712818166153 0.02758708378444652 0.0240007628924684
6 0.5563996924612824 0.7611966093223385 0.034207983323075924 0.027725019203368784
6 0.4946046249349089 0.7607828030655718 0.02979405021913788 0.02855263171690211
6 0.5136397139524683 0.7957494300665491 0.04579455908218101 0.03144927551426889
6 0.34287566425448573 0.8023703318706248 0.04744978410924791 0.031449275514269036
6 0.4568103202842495 0.8266477120058806 0.034759725568402546 0.031863081771035556
6 0.3277027681730402 0.9074771210893658 0.03586320891978051 0.03641495059546912
6 0.4860526290957628 0.9416161372726183 0.03365624221702461 0.03103546925750237
6 0.5188812587992541 0.9387194934752514 0.035311467244091406 0.032690694284568875
6 0.5472959548794313 0.9362366558985699 0.0336562421165002 0.026897406689835316
6 0.5771428587045241 0.9371428514130264 0.04190476248315708 0.034285714783959684
7 0.36698580576498996 0.04231888377616864 0.019548880694503126 0.029989760156339976
7 0.2727957442369296 0.08297166976587395 0.026657564583413416 0.027324003697998655
7 0.33899536295240595 0.0783065959637766 0.020437466180616825 0.02865688192716931
7 0.3483255105566006 0.2005981734901852 0.030211906527868423 0.03198907750009596
7 0.334996728264894 0.25957803513098715 0.02488039361118581 0.02599112546882804
7 0.2519139853132558 0.3298873617197398 0.02754615006952708 0.023991808125071897
7 0.2896788684730913 0.3252222879176424 0.019548880694503196 0.03198907750009592
7 0.31233779836899267 0.3235561901311791 0.02576897909729947 0.029989760156339963
7 0.23725232484634365 0.3598771221666241 0.0337662484723235 0.027990442812584036
7 0.26524276760496246 0.3592106827614944 0.027546150069527115 0.029323321041754655
7 0.30567340722313935 0.41752410528771106 0.026657564583413312 0.024658247239657385
7 0.33010950809126816 0.4145251292720771 0.022214637152844396 0.029323321041754582
7 0.36787439125110366 0.45051284145968507 0.024880393611185738 0.027990442812583963
7 0.4425155720846609 0.504494409741097 0.021326051666730735 0.02265892989590135
7 0.23591944656320785 0.570471882085045 0.02043746618061693 0.02532468635424266
7 0.26302130388967804 0.5708051016423377 0.02310322263895813 0.025991125468828074
7 0.32433370243152865 0.5701386625277522 0.017771709722275517 0.02599112546882793
7 0.4291867897929544 0.598462324897629 0.021326051666730735 0.029323321041754655
7 0.33677389923712153 0.6337835979706515 0.014217367777820442 0.029323321041754582
7 0.43496259545269395 0.7287511717990616 0.02221463715284443 0.0246582472396571
7 0.38786756468866374 0.8337153322300337 0.03110049201398226 0.037320590416778716
7 0.39408766309146015 0.8697030445338594 0.029323321041754655 0.02532468635424266
7 0.48294621143301214 0.866704068692552 0.022214637152844503 0.029989760156339997
7 0.45762152534859524 0.9443442253674168 0.028434735555640814 0.03465483395843734
7 0.7156526444435911 0.012329123619828661 0.019548880694503053 0.020659612552145323
7 0.84005461249952 0.10696347789094593 0.026657564583413347 0.027324003697998655
7 0.7236499138186153 0.14794948343794392 0.014217367777820442 0.02532468635424266
7 0.6396785853808632 0.18527007385472255 0.023991808125072112 0.02265892989590128
7 0.57303467392233 0.21492661445376984 0.011551611319479136 0.031322638385510686
7 0.8205057318050168 0.23725232479237854 0.02843473555564074 0.027990442812583963
7 0.7885166543049202 0.360876780373631 0.03376624847232361 0.025991125120174843
7 0.7987353873952293 0.3892004429178344 0.027546150069527046 0.02265892989590135
7 0.6614489297906507 0.4331854244804664 0.017771709722275517 0.02532468635424266
7 0.7116540095941835 0.42785391150567476 0.020437466180616752 0.02532468635424266
7 0.7649691389229057 0.49049918833480505 0.025768979097299506 0.029323321041754582
7 0.9075871097139924 0.48550089497541504 0.019548881234155064 0.023325369010486586
7 0.7400887453117201 0.5224882658349012 0.02399180812507197 0.025324686354242586
7 0.8795966666315832 0.5208221680484377 0.01688312423616182 0.02865688192716931
7 0.7334243541658668 0.5518115868766558 0.02488039361118595 0.02399180812507197
7 0.6685576135446479 0.5864664208350931 0.023103222369133362 0.02399180812507196
7 0.8307244648953253 0.6847661902364297 0.02399180812507197 0.028656881927169166
7 0.8293915866661546 0.7124234134917209 0.02488039361118567 0.023991808125072112
7 0.8329459286106098 0.7497440039084996 0.028434735555640883 0.03465483395843734
7 0.7138754734713635 0.8190536718253741 0.021326051666730593 0.029323321041754866
6 0.7267599630200136 0.04931649447931464 0.029323321041754724 0.01866029520838932
6 0.6463429765267165 0.08863640223984927 0.02488039361118567 0.02132605166673068
6 0.82006143906196 0.07597405906272796 0.029323321041754724 0.023991808125072005
6 0.8187285608327893 0.10929601479199459 0.026657564583413205 0.027990442812583984
6 0.6658918572212197 0.1529477767973339 0.024880393611185526 0.02199249078131599
6 0.7725221154469427 0.17893890220805297 0.03198907750009596 0.020659612552145355
6 0.6947708855199175 0.18427041518284454 0.027546150069527046 0.021992490781315974
6 0.5770333086098419 0.3058955535946678 0.023103222638958202 0.021326051666730662
6 0.82006143906196 0.2965654059904731 0.036432004930664875 0.02932332104175469
6 0.6889950798601779 0.3292209226051544 0.02843473555564074 0.023991808125071935
9 0.6796649322559832 0.3945319558345171 0.020437466180616752 0.02532468635424266
6 0.8107312914577653 0.488499870991049 0.030211906527868423 0.02399180812507197
6 0.7067667895824534 0.5571430997933383 0.021326051666730735 0.019993173437559974
6 0.7751878720132143 0.5867996403923855 0.030211906527868423 0.025991125468828
6 0.657006002360082 0.6191219374497742 0.04087493236123365 0.029323321041754582
6 0.9369104304859218 0.6137904245330916 0.028434735555641025 0.029323321041754724
6 0.9395761869442631 0.6427805260175536 0.02488039361118567 0.025991125468828
6 0.8964797908677449 0.6791014577624543 0.023991808125071828 0.026657564583413347
6 0.8009568511105138 0.7114237548198429 0.026657564583413347 0.027324003697998762
6 0.7507517711450853 0.7157556090646476 0.025768979097299506 0.02265892989590128
6 0.7236499138186151 0.7184213655229889 0.028434735555640883 0.025324686354242516
6 0.7756321647562712 0.7887306921117415 0.03820917590289227 0.03132263838551055
6 0.7747435792701575 0.8210529891691303 0.034654833958437194 0.027990442812583893
6 0.7383115743394925 0.8620389947161281 0.03465483395843734 0.02865688192716931
6 0.6547845386447975 0.865371190289055 0.03820917590289241 0.03132263838551083
6 0.8325016358675529 0.8573739209140308 0.029323321041754582 0.02865688192716931
6 0.8578263222217956 0.859040018700494 0.030211906527868423 0.03332195572926665
5 0.22081349329927363 0.11962582106806724 0.01866029520838932 0.029989760156339963
5 0.2910117467022621 0.11329464947950658 0.013328782291706637 0.029323321041754634
5 0.37098444045250206 0.1072966974482386 0.00799726937502392 0.027990442812583984
5 0.4718388931264157 0.10463094098989727 0.023103222638958202 0.030656199270925343
5 0.34699263232743005 0.14361762919313925 0.013328782291706674 0.019326734322974666
5 0.29589896687588785 0.14728304432335856 0.008885854861137722 0.025324686354242676
5 0.22614500621595632 0.14528372697960257 0.013328782291706637 0.01999317343755999
5 0.31633643278667906 0.17160807212194096 0.00888585486113783 0.023325369010486624
5 0.30211906527868426 0.17627314580782055 0.01244019680559294 0.021992490781315974
5 0.21548198038259098 0.17727280447969854 0.015105953263934211 0.029323321041754617
5 0.23325369010486655 0.17793924359428387 0.013328782291706637 0.02532468635424266
5 0.41852376395958907 0.1329546033597739 0.00888585486113783 0.02865688192716931
5 0.446514206772173 0.22092456648503783 0.011551611319479207 0.023325369010486624
5 0.4425155720846611 0.25224720487054847 0.01421736777782037 0.02065961255214528
5 0.4918320665639757 0.1886022694276492 0.009774440347251598 0.018660295208389285
5 0.319002189514846 0.38586824734490777 0.015994538750047943 0.026657564583413274
5 0.39808629777897225 0.4141919097147844 0.014217367777820513 0.024658247239657313
5 0.43229683899435256 0.41119293369915044 0.00799726937502392 0.021326051666730662
5 0.48605626090423615 0.4051949816678825 0.007108683888910221 0.021326051666730735
5 0.3256665806606993 0.44784708500134374 0.013328782291706637 0.02399180812507197
5 0.4638416237513917 0.4388501569544418 0.014217367777820442 0.024658247239657243
5 0.4087493236123375 0.5331512916682664 0.003554341944455075 0.019993173437560047
5 0.35187985250105586 0.6027941791424337 0.017771709722275587 0.02865688192716945
5 0.31944648225790295 0.6384486717727489 0.009774440347251563 0.02399180812507204
5 0.534484169897437 0.6591082843248944 0.013328782291706745 0.029323321041754724
5 0.21326051666730653 0.6701045297155522 0.019548880694503126 0.029989760156339997
5 0.24791535030195314 0.6711041882712127 0.014217367777820513 0.029323321041754724
5 0.51404670371682 0.6917638009395756 0.009774440347251669 0.019993173437559904
5 0.49938504319594273 0.6930966791687463 0.008885854861137759 0.02265892989590128
5 0.5549216360780538 0.7247525371115496 0.013328782291706674 0.03265551661468123
5 0.2790158423159352 0.7704036163444274 0.015994538750048016 0.027990442812583893
5 0.4074164453831669 0.7963947419294729 0.020437466180616825 0.030656199270925413
5 0.3101163346537083 0.8747094459930864 0.010663025833365368 0.02665756458341349
5 0.5224882657269707 0.9023666693645953 0.00888585486113783 0.025991125468828074
5 0.674436383960357 0.9360218449998081 0.02132605166673045 0.03198907750009582
5 0.6428915989334923 0.9336893080406505 0.01510595326393414 0.02732400369799862
4 0.49849645749396826 0.0723086435257465 0.021326051666730662 0.016660977864633334
4 0.235475153820151 0.08197201109399595 0.024880393611185773 0.01866029520838932
4 0.2963432595649795 0.08430454782071795 0.023991808125072005 0.015328099635462661
4 0.726418634898013 0.08130557197941063 0.02576897909729965 0.02532468635424264
4 0.6642176508700485 0.08763674356797127 0.018660295208389358 0.016660977864633317
4 0.43807264449219674 0.13295460295301179 0.026657564583413274 0.02065961255214532
4 0.31233779826106245 0.14495050707365664 0.022214637152844396 0.019326734322974666
4 0.2621327180797735 0.14395084845988748 0.024880393611185738 0.018660295208389303
4 0.5695832965989311 0.12395767531287191 0.030211906527868423 0.02532468635424264
4 0.39808629777897225 0.16494368085986988 0.023103222638958202 0.02998976015633998
4 0.5016065069112272 0.19026836721411253 0.011551611319479065 0.017993856093803943
4 0.4833905044458949 0.25657905911535317 0.03198907750009603 0.01999317343756001
4 0.48383479718895167 0.2245899816152572 0.027546150069527046 0.026657564583413274
4 0.769515030974531 0.2675753045060112 0.021326051666730877 0.017993856093804012
4 0.350991267014942 0.3552120480739825 0.021326051666730735 0.017327416979218597
4 0.44562562128605926 0.37620488018342046 0.027546150069527046 0.016660977864633324
4 0.4194123494457028 0.3772045388552984 0.021326051666730662 0.018660295208389358
4 0.3594328291330228 0.38153639310010307 0.02221463715284436 0.02065961255214539
4 0.3394396559113233 0.3822028324471239 0.021326051666730735 0.023325369010486624
4 0.27012998767065804 0.3862014666697649 0.021326051666730628 0.016660977864633397
4 0.4438484503138318 0.40752751856893105 0.013328782291706674 0.023325369010486697
4 0.2581340838779477 0.4535118170685569 0.02754615006952708 0.01932673432297463
4 0.2853551227929945 0.4859181415088118 0.023103222638958202 0.016660977864633324
4 0.4004269432447287 0.47592155479003173 0.018660295208389358 0.02065961255214532
4 0.37687942786271367 0.4782540916910804 0.02310322263895813 0.021326051666730662
4 0.26402907053264757 0.4852517024523352 0.021326051666730697 0.02065961255214532
4 0.25425463077901234 0.4189410104929857 0.023103222638958237 0.02132605166673052
4 0.402204114109026 0.5085770711141684 0.025768979097299506 0.01932673432297456
4 0.47728958779357045 0.5042452171599083 0.021326051666730662 0.01466166052087722
4 0.46040646355740866 0.5049116562744937 0.014217367777820442 0.01599453875004784
4 0.37910089157799803 0.5095767300765911 0.015105953263934211 0.019993173437560047
4 0.30756975994583896 0.5112428278630543 0.02665756458341324 0.021992490781315866
4 0.28668800102216524 0.5072441931755425 0.02043746618061686 0.02065961255214532
4 0.4221972876545162 0.5352346359881264 0.021326051666730662 0.017993856093804012
4 0.8624913960238928 0.4249389625242537 0.020437466180616894 0.02399180812507197
4 0.6896615189747632 0.6162069884102442 0.026657564583413347 0.021326051666730735
4 0.914029354218492 0.6175398666394148 0.020437466180616752 0.026657564583413274
4 0.6949930321612715 0.462259552708597 0.02488039361118567 0.017327416979218597
4 0.6012472628366168 0.6252039162828196 0.023991808125072112 0.0193267343229747
4 0.5374912544777789 0.9031090272392303 0.01688312423616175 0.021992490781315866
4 0.29535170951177464 0.671521434920827 0.023103222638958164 0.021326051666730735
4 0.228707797945311 0.6681892392316827 0.01599453875004798 0.027990442812584036
4 0.3877646000676074 0.665523482889559 0.014217367777820442 0.02532468635424266
4 0.5525972077417132 0.6595255308582909 0.02399180812507197 0.021326051666730593
4 0.5419341819083477 0.7238369054157758 0.016883124236161676 0.02865688192716945
4 0.6547845389685882 0.9354313244128366 0.013328782291706602 0.03332195572926651
8 0.27012998777858827 0.043651762005339295 0.033766248472323464 0.039319907760534636
8 0.5566988070502815 0.023991808125071977 0.03110049201398226 0.041319225104290626
8 0.6602190161825365 0.053981568281411964 0.026657564583413205 0.026657564583413302
8 0.5460357812169161 0.09663367161487328 0.03110049201398226 0.026657564583413312
8 0.42696532607766996 0.10829635612011661 0.02576897909729958 0.02465824723965733
8 0.7486332720508574 0.11462752770867725 0.027546150069527046 0.022658929895901316
8 0.25591262000076787 0.20659612552145318 0.030211906527868423 0.022658929895901316
8 0.5957965684392876 0.1879358303130639 0.036432004930664875 0.027990442812583963
8 0.8268287946130088 0.20626290596416055 0.02221463715284443 0.02065961255214528
8 0.6233427185088147 0.21659271224023322 0.025768979097299437 0.01866029520838932
8 0.38875615017477755 0.22692251851630585 0.02399180812507197 0.024658247239657313
8 0.28257018458418115 0.2642431089330845 0.023103222638958164 0.021992490781316043
8 0.7201985364952165 0.24125095947989053 0.031100492013982118 0.019993173437559974
8 0.6371157935435783 0.27290681742269385 0.02310322263895827 0.012662343177121293
8 0.5895764700364912 0.2745729152091571 0.02576897909729965 0.01732741697921863
8 0.5531444651058264 0.27590579343832783 0.036432004930664875 0.02399180812507197
8 0.29145603944531895 0.29823150377693647 0.024880393611185773 0.025991125468828
8 0.24125095947989053 0.2968986255477658 0.03287766298620976 0.03132263838551065
8 0.32077936048707356 0.3565449263031531 0.024880393611185738 0.02532468635424266
8 0.8228301601413577 0.32722160526139843 0.028434735555640883 0.027990442812583963
8 0.753520492224483 0.3622096587771284 0.03554341944455117 0.02599112546882793
8 0.23236510461875276 0.42018986174605244 0.02576897909729947 0.031322638385510616
8 0.23325369010486655 0.4858341145327077 0.03820917590289241 0.03198907750009603
8 0.8419347480928039 0.45684401304824573 0.022214637152844288 0.024658247239657313
8 0.6493136487057807 0.49595187210524655 0.0319890775000961 0.029323321041754582
8 0.24658247239657316 0.5428146588297537 0.029323321041754724 0.02865688192716931
8 0.7961725955579445 0.5241543636213644 0.0337662484723235 0.031322638385510616
9 0.3309395663631753 0.04288535516989306 0.030300764007970618 0.03298873463789975
9 0.7663908679168909 0.01649436779834805 0.029323335659558632 0.03005640374819969
9 0.5958268914927436 0.061212432514863385 0.02639098864077184 0.028590237696112023
9 0.5674810146341186 0.061945515956385734 0.02639098893757918 0.024191739859447593
9 0.5454885238528029 0.06231205721372863 0.029323321041754582 0.027857154989666927
9 0.5630825164778556 0.15944555816454092 0.029323321041754582 0.03152257011988626
9 0.3358267783448952 0.1678760128362058 0.02248121267995559 0.02932332078607562
9 0.8211277416452967 0.14551698066970745 0.03909776138900625 0.03298873617197394
9 0.5489095779743408 0.19023504525838328 0.028345877007029473 0.01832707565109665
9 0.6696239159067271 0.2738065100995444 0.02736843297230435 0.02272557355168091
9 0.7370675541246782 0.30276328975611627 0.031278208042695835 0.020526324729228232
9 0.8587593368041295 0.29579900088086036 0.0361654289286616 0.02859023776003183
9 0.2405259850185545 0.2657425969409015 0.03127820911120494 0.031522570119886274
9 0.7458645509120977 0.32842119585941104 0.031278208992482445 0.027857154861827823
9 0.6701126380724937 0.3680076789142214 0.03225565273039902 0.026390988617980567
9 0.6398118732037803 0.36910730361308663 0.020526324729228166 0.03005640406779854
9 0.24687937124426798 0.38853400380324904 0.0224812127986786 0.02639098893757918
9 0.3089470674493153 0.4471806458867584 0.017593992625052728 0.02785715498966695
9 0.6417667612732306 0.43361860990494683 0.02443610086812889 0.03298873617197401
9 0.8411653443571622 0.48933291988428074 0.026390988937579324 0.027124071963622924
9 0.2771801363207478 0.5417483562464173 0.028345877007029438 0.030789487093842282
9 0.5469546898158479 0.5289194031947703 0.028345876828945363 0.025657905719775595
9 0.7707893735601423 0.5549438507152071 0.03030076448286458 0.026390988937579084
9 0.49710504413390766 0.5945303341215755 0.020526324729228235 0.035187985250105525
9 0.25030042536580605 0.6374156911451417 0.03127820911120494 0.02859023801571084
9 0.8519172284423306 0.616889366288074 0.03421054121538049 0.03005640406779854
9 0.7390224427283836 0.6531769762050849 0.03127820911120494 0.030789487093842282
9 0.2537214794873441 0.7033931634890896 0.028345877007029507 0.030056404067798324
9 0.6872179087692271 0.6890980444812342 0.02736843297230436 0.032255653145929986
9 0.3499997169077719 0.7323499430178225 0.03127820911120502 0.03372181919801804
9 0.6437216493426808 0.7213536976271644 0.02639098893757918 0.03225565314593027
9 0.9271804194129757 0.7187879070360108 0.04007520542373115 0.040319566432412586
9 0.9003007089922876 0.7154890334188143 0.029323320685583965 0.035187985250105594
9 0.26496208588668335 0.806024787135231 0.04105264945845654 0.03152257011988638
9 0.5484208559569782 0.8305830685077004 0.03714287331955589 0.029323321041754724
9 0.5816539531376336 0.8269176533774811 0.033233097180655376 0.03812031735428107
9 0.25909742167833244 0.9082898692683503 0.04496242559735709 0.042518815510544386
9 0.9242480873088005 0.9222184467631837 0.024436100868128818 0.029323321041754582
9 0.7341352225547578 0.9361470242580171 0.03323309718065517 0.03958648340636884
8 0.41255613513018174 0.564107388540755 0.02736843297230436 0.030056404067798467
8 0.4526313405539132 0.5967295831997071 0.02736843297230429 0.029323321041754582
8 0.644699093377406 0.5575096413063604 0.028345877007029542 0.02712407196362314
8 0.7131201759862518 0.5897652946440498 0.02443610086812896 0.01979324170318442
8 0.7717668178916761 0.6201882400331108 0.030300765076479764 0.033721819198017824
8 0.6706013602976226 0.6557427667962383 0.03518798525010567 0.034454902224061855
8 0.7595487674576117 0.6879984199421685 0.023458656833403636 0.02859023801571084
8 0.3734583737411755 0.6975284992807389 0.03127820911120502 0.034454902224061786
8 0.6710900819884964 0.7220867805892882 0.028345876828944537 0.026390988937579164
8 0.3773681498800762 0.7308837769657346 0.029323321041754582 0.029323321041754582
8 0.42672907363369644 0.7613067225465552 0.030300765076479833 0.02859023801571084
8 0.4531200625712757 0.7587409319554016 0.02639098893757918 0.02492482288549141
8 0.8924811561802329 0.7818330472757833 0.03909776138900625 0.03152257011988624
8 0.25860869966096983 0.8742762610334771 0.04398498156263198 0.03738723432823704
8 0.4325937378420474 0.906531914179407 0.028345877007029615 0.032988736171974155
8 0.5689471806862065 0.9010337914840781 0.02541354490285407 0.03372181919801804
8 0.2762026922860227 0.9468514806118198 0.03225565314593009 0.030056404067798324
8 0.33533805638689457 0.9442856900206662 0.02736843297230429 0.027857154989667093
8 0.39447342048776635 0.9420864409425346 0.032255653145930055 0.029323321041754724
10 0.8156770469781418 0.041419190971478434 0.0224812127986786 0.03005640406779851
10 0.4515791442804681 0.10556395562247722 0.019548880694503053 0.02639098893757918
10 0.6045491354775083 0.15394743546921189 0.020526324729228235 0.024924822885491443
10 0.3230452534766637 0.1982989585448658 0.022481212798678527 0.016860909599008912
10 0.22872190406632453 0.205263247420122 0.02345865683340371 0.02492482288549148
10 0.6666168316825556 0.21296061906574312 0.019548880694503053 0.027124071963623066
10 0.7369928024202133 0.20929520393552373 0.021503768763953275 0.02565790591153533
10 0.6641732215957427 0.24155085708145393 0.0224812127986786 0.02419173985944756
10 0.7091356471930998 0.30496253883424834 0.0224812127986786 0.02639098893757918
10 0.561052875932239 0.372406177230284 0.02541354490285407 0.02639098893757918
10 0.5879325868871806 0.37130655269121826 0.02639098893757918 0.024191739859447666
10 0.7795116176933109 0.39109979439440257 0.024436100868128818 0.027124071963623066
10 0.7389476902522171 0.42482161359242043 0.021503768763953275 0.02859023801571091
10 0.8210529891691302 0.454878017660219 0.023458656833403778 0.024191739859447524
10 0.36214301486566997 0.5076599955353773 0.02443610086812889 0.024191739859447524
10 0.6201882400331108 0.49556412560565355 0.028345877007029473 0.02785715498966695
10 0.8870304615130781 0.4878667538321929 0.014661660520877291 0.03152257011988617
10 0.7203762535924392 0.5248874466474082 0.025413544902854 0.02639098893757918
10 0.8474439781067094 0.5487126449938339 0.017593992625052835 0.022725573807359824
10 0.5879325868871806 0.5597088903844919 0.0224812127986786 0.03152257011988617
10 0.5718047603142157 0.5281863202646057 0.017593992625052905 0.027124071963622997
10 0.517067894369607 0.5937972510955316 0.01368421648615211 0.02639098893757918
10 0.41101521660192764 0.6267859872675055 0.0224812127986786 0.02492482288549148
10 0.782932671814849 0.6546431422571725 0.025413544902854 0.032255653145930055
10 0.5595867098801511 0.6920303765854098 0.020526324729228308 0.029323321041754724
10 0.48578968525840194 0.6594081819264577 0.02345865683340371 0.03298873617197387
10 0.5195115044564198 0.7228198636792521 0.02443610086812889 0.030789487093842497
10 0.710601813185826 0.7547089753121603 0.023458656833403778 0.035921068276149555
10 0.7135341453493632 0.7902635020752878 0.03714287331955589 0.029323321041754866
10 0.3216538399007423 0.8387217342703495 0.021503768763953383 0.033721819198017894
10 0.8543608388259518 0.9292574879867669 0.021503768763953417 0.0417857324845005
10 0.24492448317481771 0.9464849390987979 0.028345877007029473 0.035187985250105386
10 0.3074809013972276 0.9450187730467101 0.018571436659778017 0.032255653145929986
10 0.36368393339392396 0.9413533579164909 0.02345865683340371 0.03372181919801804
4 0.581165231120271 0.6924716705745982 0.018571436659778017 0.024191739859447666
4 0.2664282519387711 0.7346239445721204 0.02443610086812889 0.02199249078131615
5 0.4526313405539132 0.2870020046961736 0.011729328416701818 0.02419173985944756
11 0.24492448317481771 0.11399441054982119 0.028345877007029473 0.03152257011988626
11 0.6877066309053128 0.2140602436048089 0.020526324729228235 0.02932332104175469
11 0.33240572428271903 0.23165423622986173 0.025413544902854 0.02492482288549141
11 0.4164659112690824 0.3489475203968803 0.021503768763953417 0.02785715498966688
11 0.4477441203802874 0.3438159392145732 0.03323309718065517 0.02785715498966688
11 0.8558270048780394 0.33098698625880557 0.02639098893757918 0.030056404067798467
11 0.6671803061760846 0.3031298312691387 0.0224812127986786 0.0271240719636231
7 0.25567636755679435 0.17740609230261561 0.0224812127986786 0.02639098893757918
10 0.41304485714754435 0.19426700190162458 0.0224812127986786 0.023458656833403674
10 0.24541320519218027 0.14698314672179516 0.01563910455560251 0.022725573807359876
11 0.566503570391628 0.49812991619680685 0.028345876591498325 0.02712407196362304
11 0.5103005386026972 0.4039287473501703 0.03909776138900611 0.032255653145930194
11 0.394962142505129 0.4424156062174733 0.025413544902854 0.025657905911535293
11 0.5894735054154348 0.5285528617776275 0.02150376876395356 0.035187985250105525
11 0.82748112787101 0.5223216560562547 0.02248121279867874 0.027124071963622997
11 0.6779321905580613 0.4951975840926316 0.024436100868128818 0.03005640406779861
11 0.7556389913187113 0.45597764219928477 0.025413544902854 0.030789487093842355
11 0.8695112213641917 0.454878017660219 0.0224812127986786 0.028590238015710766
11 0.6095111081273005 0.46404155548576725 0.02639098893757918 0.032255653145930055
11 0.3504884385096029 0.5710716772881718 0.020526324729228235 0.032255653145930124
11 0.2972177388545285 0.6036938719471239 0.029323321041754724 0.035921068276149486
11 0.5586840180247843 0.5615415980135213 0.02639098893757918 0.030789487093842282
11 0.7962029187598051 0.5556769337412507 0.020526324729228235 0.030789487093842424
11 0.799623972881343 0.5853667962960272 0.025413544902854 0.03005640406779861
11 0.4956388780818199 0.6267859872675057 0.02345865683340371 0.032255653145930124
11 0.33875911050843255 0.6978950407937606 0.03421054121538034 0.030789487093842355
11 0.6178193824224644 0.4006298737329729 0.023458656833403778 0.03152257011988624
11 0.8294360159404605 0.42152273997522316 0.024436100868128818 0.032255653145930055
11 0.5860524512938968 0.7554420583382041 0.02639098893757918 0.03298873617197387
11 0.8616916690863906 0.7477446865647436 0.028345877007029542 0.032255653145930124
11 0.6569171438114705 0.7898969605622659 0.04496242559735705 0.03298873617197401
11 0.3353380563868945 0.8716357179661568 0.029323321041754582 0.03225565314593027
11 0.3563531031334854 0.9053575371641748 0.030300765076479833 0.039586483406368986
5 0.24248087308800478 0.7356488166350198 0.017593992625052762 0.03298873617197401
13 0.21406832165468268 0.04877122611283573 0.030696589520294103 0.040592200615652094
13 0.6271979983259017 0.12359416306855263 0.03150439450767038 0.03271610198873448
13 0.4676565133191098 0.16479221742473688 0.017771709722275517 0.029080979545541813
13 0.22773843206839 0.2374946662885913 0.029080979545541796 0.024234149621284864
13 0.7560428938123994 0.21204880918624228 0.016156099747523172 0.030292687026606088
13 0.5601501843736802 0.24900588735870166 0.03312000448242259 0.03150439450767028
13 0.7402906965585643 0.26809028018546344 0.025041954608661144 0.026051710842881163
13 0.40989845672171427 0.3165585794280331 0.031504394507670314 0.029686833286073907
13 0.37960576969510823 0.32201126309282224 0.022618539646532626 0.029686833286073976
13 0.5896350664129102 0.341095655919584 0.01938731969702772 0.031504394507670314
13 0.6328526330903563 0.33473419164399654 0.018579514513414715 0.033321955412309215
13 0.7055550821013894 0.3977429806593373 0.025041954608661002 0.03332195572926665
13 0.7394828915711881 0.4949825060147427 0.026657564583413347 0.029080979545541796
13 0.8970048641095394 0.521640070598156 0.023426344633908514 0.03635122443192728
13 0.8877151067056545 0.5482976352343956 0.021002929671780208 0.023022442140220603
13 0.8622692496523646 0.5828312983919002 0.01857951470965148 0.030292687026606018
13 0.5056233477257893 0.5610205637327439 0.02100292967178028 0.026657564583413274
13 0.4922945651887868 0.5316366572112835 0.01857951470965169 0.02847512580500954
13 0.6724350775208481 0.5292132423019813 0.020195124684403966 0.02847512580500961
13 0.3291179579840982 0.5407244634249179 0.021810734659156346 0.029686833286073907
13 0.35456381508644724 0.5410273901895313 0.017771709722275444 0.0278692720644775
13 0.594885798830855 0.5979776419052031 0.026657564583413274 0.03635122443192728
13 0.56863213674113 0.627664475191277 0.025849759596037032 0.030292687026606088
13 0.5738828688156606 0.6588659422475925 0.02504195460866093 0.03574537069139524
13 0.6219472657117199 0.689764483542993 0.021002929671780423 0.040592200615652135
13 0.7305970367100504 0.6876439955039569 0.03312000448242259 0.03513951695086291
13 0.37031601234028244 0.7654962011623345 0.02181073465915631 0.028475125805009754
13 0.6595101978209482 0.7558025413138205 0.031504394507670244 0.03332195572926665
13 0.9087180364264938 0.817902549718363 0.025849759596037244 0.04483317679937727
13 0.9547629207069351 0.8906049985822173 0.025849759596037244 0.04362146931831276
13 0.924874136174017 0.8933313404146119 0.0242341496212849 0.029686833286073834
13 0.8998321815653562 0.8930284135443459 0.019387319697027863 0.03150439450767038
13 0.6587023928335719 0.9006015853009973 0.028273174558165835 0.03695707817245946
13 0.6865716648980495 0.903025000263126 0.019387319697028005 0.03574537069139509
13 0.7148448394562152 0.8999957315604652 0.025849759596037244 0.038168785653523545
13 0.7863355808390053 0.9348323216410622 0.026657564583413347 0.04240976183724854
13 0.5993287262614241 0.9036308540036581 0.030696589520294068 0.040592200615652135
13 0.52864578986601 0.8654620683501344 0.020195124684404108 0.032110248248202425
13 0.5040077377510371 0.8672796295717308 0.019387319697027863 0.032110248248202425
13 0.25883892408237213 0.8406220649883174 0.039582444381431936 0.032110248248202425
13 0.4595784634453483 0.9066601227063187 0.02746536957078952 0.03453366321033087
12 0.5072389577005417 0.4337912782209983 0.014540489772770898 0.025445857102349125
12 0.4599823659390362 0.02938390641580787 0.02181073465915631 0.03453366321033089
12 0.3060955158438775 0.11056830764711208 0.01615609974752324 0.02605171084288122
12 0.4931023704214589 0.15994538750047993 0.026657564583413274 0.030292687026606036
12 0.6772819075432236 0.12026196749562601 0.028273174558165692 0.032110248248202425
12 0.28024575624784037 0.2314361288832702 0.027465369570789485 0.03513951695086306
12 0.4712916357623025 0.28263076995823444 0.031504394507670244 0.029686833286073907
12 0.39818528440475986 0.28535711179062895 0.022618539646532553 0.029080979545541796
12 0.6145558503544122 0.24688539926683922 0.018014051056592737 0.02484000336181692
12 0.5649970142979371 0.34382199775197864 0.02181073465915638 0.03089854076713813
12 0.5730750641716988 0.4350029857020628 0.026657564583413274 0.025445857102349125
12 0.5989248176046731 0.4333152486311886 0.020195137010529933 0.025186208800904594
12 0.7346360616469311 0.45984298906387977 0.02181073465915631 0.026657564583413347
12 0.2612623390445006 0.5092200689172476 0.023426344633908656 0.026051710842881163
12 0.6482009279976818 0.5270927542629452 0.031504394507670314 0.030292687026606088
12 0.473715050724431 0.5316366573169361 0.01857951470965176 0.03089854076713813
12 0.48260090558556873 0.5616264174732761 0.020195124684403966 0.027869272064477642
12 0.8671160795766215 0.5473888545707712 0.015348294760146928 0.024840003361817083
12 0.8909463267042184 0.5773786147271112 0.019387319697027863 0.029080979545541865
12 0.5645931118042492 0.5907073970188179 0.025849759596037317 0.03635122443192728
12 0.47209944074967863 0.6270586214507452 0.023426344633908726 0.02786927206447757
12 0.4240350440007971 0.6606835040502779 0.027465369570789447 0.032110248248202425
12 0.42968967891243026 0.7000639971848658 0.029080979545541865 0.03332195572926651
12 0.839246807512144 0.650989844201764 0.032312199495046344 0.03089854076713813
12 0.8194555853214279 0.6194854496940937 0.026657564583413347 0.038168785653523545
12 0.7548311863313352 0.7497440039084996 0.025041954608661002 0.03938049313458777
12 0.8602497371839243 0.7812483984161699 0.0242341496212849 0.03574537069139509
12 0.3436584477568691 0.7651932742920688 0.026657564583413347 0.03392780946979883
12 0.25197258168967474 0.7688283967352615 0.03231219949504645 0.031504394507670244
12 0.6578945878461957 0.8242640139939504 0.02504195460866086 0.034533663210331016
12 0.7827004583958126 0.8942785222771448 0.025849759596037244 0.03453366321033073
12 0.8089541204855379 0.8927638879258146 0.021810734659156453 0.0315043945076701
12 0.8303609526510062 0.8906433998339522 0.022618539646532553 0.03332195572926651
9 0.7766419209904915 0.859744859066814 0.03150439450767038 0.03695707817245946
4 0.6409306831112963 0.46503114711013716 0.020195124684403966 0.026657564583413347
0 0.2996613491194263 0.04545114761471971 0.02052632472922827 0.0175939926250528
0 0.2424808730880048 0.0509492703100487 0.019548880694503126 0.015394743546921195
0 0.6534960896899323 0.12242486534932567 0.016616548590327653 0.0175939926250528
0 0.6266163787349908 0.15358089395618996 0.013684216486152322 0.015394743546921177
0 0.6906389630094885 0.14991547882597064 0.010751884381976566 0.010996245390658022
0 0.5826313972910819 0.15724630889465 0.007819552277801307 0.00953007933857025
0 0.6456765374121312 0.21442678511783086 0.01466166052087722 0.015394743546921212
0 0.6207517145266398 0.1873027131542078 0.009774440347251527 0.010996245390657968
2 0.2747365262339349 0.11436095206284314 0.01563910455560247 0.011729328416701854
2 0.3280072261264559 0.11106207857348525 0.014661660520877291 0.013928577494833476
2 0.2561650896928802 0.08540417259803014 0.011729328416701818 0.009530079338570268
2 0.2610523095696977 0.2631768064136677 0.01368421648615218 0.011729328416701818
2 0.25127786916308464 0.2331204025376284 0.015639104555602544 0.014661660520877291
0 0.6119547179173053 0.3364851090819741 0.021503768763953487 0.019060158677140462
0 0.6041351659363121 0.36910730361308663 0.019548880694503126 0.016860909599008878
2 0.3763907055485427 0.37900392465643806 0.021503768763953487 0.019060158677140462
2 0.28548841073463493 0.4457144801542695 0.021503768763953383 0.020526324729228235
2 0.6148870506150971 0.4325189854298008 0.019548880694503126 0.020526324729228235
0 0.6881953532194837 0.4281204873374573 0.025413544902854142 0.019060158677140605
0 0.7155637861917878 0.46147576470285434 0.021503768763953275 0.01979324170318435
2 0.7575938793881615 0.5839006302439393 0.021503768763953417 0.01979324170318442
2 0.47999977364494073 0.5941637925446339 0.017593992625052835 0.018327075651096578
0 0.3597741573737467 0.6333837345658201 0.021503768763953417 0.017593992625052835
2 0.31432300987775025 0.7000942900636515 0.024436100868128852 0.020526324729228235
2 0.3206763959253787 0.7297841526823479 0.025413544902853927 0.02125940775527212
2 0.31285684358821597 0.7693706358330377 0.029323321041754655 0.018327075651096578
2 0.2942854072252462 0.8379138988959786 0.023458656833403743 0.020526324729228235
2 0.29379668491107547 0.8742015085573104 0.0224812127986786 0.02125940775527212
2 0.3739470960553463 0.8723688008643612 0.02639098893757918 0.020526324729228235
2 0.40375913881765535 0.8987597899297799 0.025413544902854 0.019060158677140324
2 0.29575157303988725 0.9086564110370513 0.028345877007029507 0.019793241703184493
2 0.7585713229479931 0.9302823602094648 0.023458657070849428 0.02052632504882805
2 0.5860524512938967 0.023458656833403715 0.0224812127986786 0.02199249078131598
2 0.6945487388218993 0.015028201969979487 0.02834587671022095 0.018327075523257134
2 0.37394709501651735 0.07587409313162033 0.02443610116493739 0.01392857762267303
0 0.29597775832793155 0.20386978376829798 0.03554341944455107 0.018781465586712075
2 0.3032480032633763 0.23446539758593082 0.027465369570789485 0.021810734659156346
2 0.31536507802495956 0.26294052328528805 0.022618539646532553 0.023022442140220603
2 0.5859797488450327 0.24688539926683928 0.0242341496212849 0.02484000336181694
2 0.6356597555686666 0.24446198430471078 0.026657564583413274 0.0260517108428812
2 0.6893787872291813 0.24446198430471078 0.021002929671780208 0.01999317343756001
2 0.46723241570073704 0.19538783132160897 0.027465369570789447 0.019993173437559974
0 0.3525241071499077 0.04301561557778059 0.01615609974752324 0.018175612215963626
0 0.266492876337761 0.3286756542386756 0.01534829476014707 0.01999317343756001
0 0.6485846353666852 0.39622834630800713 0.01857951470965169 0.015752197253835122
2 0.7895466052222929 0.4907415298310179 0.0242341496212849 0.019387319697027863
0 0.30324800326337625 0.5401186096843859 0.02423414962128483 0.02362829588075293
0 0.7503680643157322 0.5570825144985245 0.016963904931136326 0.017569758633910176
3 0.7398665989401916 0.016327758307340658 0.023991808125072112 0.028656881927169312
3 0.28268936633465325 0.14428406830772458 0.017771709722275552 0.02865688192716931
3 0.3297843970986834 0.14195153140667593 0.01599453875004798 0.02532468635424264
3 0.5999143848772717 0.12828952955767658 0.02310322263895827 0.028656881927169326
3 0.7212063037318024 0.18393719562555189 0.02399180812507197 0.026657564583413347
3 0.6687797600510893 0.18227109783908854 0.022214637152844573 0.0366541513021933
3 0.7158747908151196 0.21159441888084315 0.023991808125071828 0.027324003697998655
3 0.32000995675143185 0.29589896687588785 0.024880393611185738 0.026657564583413312
3 0.2924638066819048 0.3588774632042018 0.024880393611185773 0.02732400369799869
3 0.2929080995328917 0.38453536946439015 0.023991808125072005 0.02532468635424266
3 0.27824643890408435 0.41852376395958907 0.019548880694503126 0.026657564583413347
3 0.3573305471682105 0.41585800750124774 0.021326051666730593 0.030656199270925343
3 0.41597718925171984 0.41319225104290636 0.014217367777820442 0.027990442812583963
3 0.3484446922531076 0.44518132865922 0.02310322263895813 0.027990442812583963
3 0.3142341508758317 0.48050260155791596 0.020437466180616825 0.027990442812584036
3 0.33333873904313854 0.5091594835431944 0.01777170972227566 0.027990442812583963
3 0.6616710761621792 0.46517450198056237 0.01510595326393414 0.025324686354242728
3 0.71009898515538 0.495497481694195 0.02310322263895827 0.024658247239657385
3 0.6887729335965795 0.5541441237777043 0.02310322263895827 0.029989760156339997
3 0.6914386899469908 0.586466420835093 0.01777170972227566 0.030656199270925343
3 0.7167633763012334 0.6221209134654083 0.025768979097299506 0.029989760156339928
3 0.698547373835901 0.656442527866553 0.021326051666730593 0.029323321041754724
3 0.35644196168209674 0.6637733581269916 0.02132605166673052 0.030656199270925413
3 0.2640290711262639 0.6731035057311863 0.014217367777820478 0.02265892989590128
3 0.30179395428609945 0.635449695757115 0.022214637152844538 0.023325369010486697
3 0.32667434789728517 0.6031273986997263 0.01866029520838932 0.029323321041754724
3 0.2924638066819048 0.5708051016423377 0.026657564583413274 0.02865688192716931
3 0.2986839050847012 0.8047252308617895 0.023103222638958202 0.02865688192716931
3 0.6887729334886495 0.8233855260701789 0.02310322263895827 0.031322638385510686
3 0.706100350467868 0.8650379707317621 0.013328782291706602 0.026657564583413205
3 0.8042890466834405 0.859040018700494 0.019548880694503053 0.029323321041754724
3 0.7496410392874432 0.8946945113308094 0.020437466180616894 0.024658247239657385
1 0.6396785853808633 0.02332536901048665 0.022214637152844573 0.027990442812583977
1 0.3184549321507328 0.08097235242211795 0.021326051666730662 0.025991125468827977
1 0.7143197662144206 0.11662684505243327 0.03110049201398226 0.027990442812584018
1 0.38421025812315235 0.1975991974745512 0.028434735555640814 0.02732400369799869
1 0.3637727919425355 0.2582451569018165 0.023103222638958202 0.023325369010486624
1 0.36155132822725095 0.23058793364652516 0.022214637152844503 0.025324686354242624
1 0.6152424845127346 0.2749061347664498 0.017771709722275587 0.02065961255214532
3 0.6889950798601779 0.08896962179714193 0.019548880694503196 0.029989760156339987
3 0.6125767280543931 0.09196859781277594 0.017771709722275587 0.027990442812584
3 0.6059123369085399 0.30922774916759443 0.02221463715284436 0.026657564583413312
3 0.7134311807283068 0.3352188746364224 0.025768979097299506 0.027990442812583963
3 0.2660283884700199 0.29889794289152183 0.012440196805592905 0.024658247239657313
3 0.42241943402604476 0.5078266053140237 0.01599453875004798 0.02532468635424266
3 0.4570742679844821 0.5651403691683623 0.023103222638958202 0.027990442812583893
10 0.27535853607421457 0.7037597050021117 0.023991808125071897 0.03332195572926665
13 0.2877987328798075 0.7357487825022077 0.02221463715284447 0.03065619927092527
2 0.4108678226526006 0.73008405014445 0.03198907750009596 0.01932673432297449
2 0.7009909840306441 0.7197542438102684 0.02399180812507197 0.01599453875004798
1 0.4379696800330358 0.6304514023977249 0.02399180812507197 0.025324686354242586
1 0.4566299750255645 0.6614408212840517 0.02576897909729958 0.029989760156339855
1 0.3802116234356403 0.5694722234131671 0.02221463715284436 0.024658247239657385
1 0.37843445246341273 0.5394824632568269 0.025768979097299506 0.028656881927169166
1 0.35133259513694254 0.8387136257056415 0.028434735555640814 0.03398839484385206
1 0.7418659162839475 0.8223858673983009 0.027546150069527046 0.03198907750009596
1 0.82006143906196 0.9286829061746615 0.041763517847347484 0.03931990776053468
13 0.4206422630538171 0.8730352401067861 0.023103222638958202 0.03465483395843734
2 0.4290838251718981 0.830383136773325 0.03110049201398219 0.021326051666730593
1 0.8102869987147084 0.6507777953925776 0.025768979097299506 0.02865688192716931
2 0.7814079704160107 0.6850994097937223 0.02310322263895827 0.018660295208389358
11 0.8040669003119121 0.684432970679137 0.02399180812507197 0.03198907750009596
0 0.7578604550339955 0.6557760887519677 0.01688312423616182 0.018660295208389216
1 0.7729664082439647 0.7174217067348931 0.025768979097299506 0.025991125468828074
2 0.401537675210301 0.761073468972668 0.027546150069527046 0.021326051666730593
13 0.65789458757637 0.936346955876175 0.021326051666730593 0.02665756458341363
13 0.7449759654853458 0.623453791694579 0.02488039361118581 0.03532127307302268
10 0.7383115743394925 0.5848003230486296 0.022214637152844288 0.029989760156339997
12 0.48639758902623664 0.4385169373971491 0.01599453875004798 0.029323321041754724
2 0.6974366419782589 0.526486900522413 0.027546150069527046 0.021326051666730593
2 0.7676348953812472 0.5244875831786571 0.025768979097299506 0.019993173437559974
1 0.4068691880190536 0.5981291053403364 0.02221463715284443 0.02998976015634007
5 0.6481201474989442 0.5881325186215562 0.017771709722275444 0.031322638385510616
2 0.6601160513456196 0.3332195572926665 0.029323321041754866 0.02399180812507197
3 0.2789128780186697 0.17793924359428387 0.02221463715284447 0.02932332104175469
2 0.7471974292006303 0.18427041518284454 0.027546150069527188 0.024658247239657313
2 0.5890292126184127 0.2162594926829405 0.018660295208389143 0.017993856093803978
2 0.4477441203802874 0.5324848528442252 0.029323321041754724 0.021326051666730593
0 0.37710157396441635 0.2852359413330668 0.021326051666730593 0.022658929895901316
12 0.9186944280205893 0.6447798433613096 0.01688312423616182 0.02599112546882793
8 0.17983559631698356 0.6068009223946536 0.030211906527868423 0.027990442812583963
5 0.18027988906004044 0.7077664482543313 0.015105953263934211 0.02865688192716931
