0 0.03129890453834116 0.5327871367639387 0.035993740219092324 0.747000521648409
0 0.10250391236306729 0.5218018349749916 0.06572769953051644 0.8568535395378808
0 0.1670579029733959 0.48884592960815 0.0758998435054774 0.7030593144926202
0 0.2609546165884194 0.4915922550553868 0.08528951486697967 0.9392433029549848
0 0.3145539906103286 0.6840038049648655 0.031298904538341145 0.6319923900702691
0 0.38302034428794995 0.6151769001810427 0.07433489827856028 0.7579858234373562
0 0.46557120500782473 0.5327871367639387 0.0751173708920188 0.922765350271564
0 0.5234741784037559 0.6455552487035503 0.05007824726134587 0.7088895025928994
0 0.6862284820031299 0.4284267697689404 0.1486697965571205 0.7470005216484088
0 0.843114241001565 0.4723679769247292 0.033646322378716745 0.9447359538494584
0 0.9233176838810642 0.36251495903525727 0.0829420970266041 0.7140446162815673
