0 0.04225352112676057 0.5019827060290178 0.06259780907668232 0.8389300018567147
0 0.12128325508607198 0.6085680751173709 0.0892018779342723 0.7770417230312193
0 0.23122065727699528 0.5466797962918756 0.068075117370892 0.4744768043287977
0 0.3157276995305164 0.3816443860905547 0.07120500782472615 0.5845004111296782
0 0.3931924882629108 0.49166799289143526 0.0774647887323944 0.8733123789819899
0 0.49178403755868544 0.4160267632158299 0.0696400625978091 0.7907946738813295
0 0.5794209702660407 0.343823771252752 0.05712050078247259 0.6188827882549536
0 0.6510172143974962 0.42290323864088486 0.07824726134585297 0.7907946738813294
0 0.7323943661971832 0.450409140341105 0.07042253521126768 0.4332179517784674
0 0.8118153364632238 0.2922502055648391 0.027386541471048385 0.5845004111296783
0 0.8392018779342724 0.2750590170022016 0.04616588419405332 0.45384737805363257
0 0.8971048513302035 0.3197561072650593 0.05868544600938975 0.5982533619797884
0 0.9714397496087637 0.3094413941274768 0.05555555555555557 0.5776239357046233
