0 0.03286384976525821 0.5443752257132539 0.06416275430359937 0.779685807150596
0 0.1111111111111111 0.547887323943662 0.07668231611893582 0.7867100036114121
0 0.18114241001564946 0.509254243409173 0.03521126760563384 0.5549115204044781
0 0.25508607198748046 0.5351209823040807 0.05477308294209697 0.9297580353918378
0 0.3157276995305164 0.5842903575297942 0.04460093896713612 0.8314192849404116
0 0.38341158059467917 0.6404839292163236 0.05790297339593117 0.7190321415673528
0 0.45383411580594674 0.4495485734922354 0.031298904538341145 0.6883712531599855
0 0.49061032863849774 0.49520585048754073 0.040688575899843545 0.5127663416395812
0 0.554773082942097 0.4671090646442759 0.051643192488262955 0.40037919826652213
0 0.6240219092331768 0.4530606717226436 0.04773082942097012 0.9061213434452872
0 0.6741001564945228 0.41442759118815453 0.04929577464788722 0.8148067894546768
0 0.7417840375586855 0.4600848681834597 0.06729264475743349 0.5689599133261105
0 0.8208137715179966 0.4074033947273385 0.059467918622848524 0.8148067894546769
0 0.8779342723004693 0.42496388587937867 0.04381846635367753 0.639201877934272
0 0.927621283255086 0.3828187071144818 0.05712050078247259 0.6392018779342723
