0 0.061815336463223784 0.5452529994783517 0.07668231611893585 0.9094940010432968
0 0.12363067292644757 0.46545942320590217 0.04694835680751172 0.6206125642745363
0 0.18153364632237876 0.5204094940010434 0.07198748043818469 0.601218421640957
0 0.2683881064162754 0.48485356583948147 0.05790297339593117 0.6594008495416948
0 0.3532863849765258 0.49455063715627107 0.05712050078247259 0.678794992175274
0 0.41275430359937404 0.5268742082122364 0.04303599374021907 0.6400067069081155
0 0.4683098591549296 0.5656624934793949 0.06651017214397498 0.47192413741709516
0 0.5336463223787166 0.47838885162828865 0.04851330203442903 0.866271704299874
0 0.5766823161189358 0.42343878083314707 0.03755868544600951 0.6917244205976602
0 0.6334115805946792 0.4880859229450779 0.05712050078247266 0.5365712795290262
0 0.6877934272300469 0.4719241374170952 0.05477308294209706 0.5171771368954468
0 0.7546948356807512 0.38465049556598857 0.06651017214397513 0.6141478500633432
0 0.8329420970266042 0.45576235188911257 0.061815336463223784 0.7305127058648186
0 0.886541471048513 0.42020642372755046 0.046948356807512186 0.620612564274536
0 0.9420970266040689 0.45576235188911246 0.06572769953051633 0.7563715627095909
