0 0.04342723004694835 0.5079613483369352 0.06807511737089202 0.871649650992374
0 0.12363067292644757 0.5049556598852374 0.06885758998435054 0.721365228407482
0 0.1807511737089202 0.47189308691656107 0.035993740219092345 0.28253471445959705
0 0.25273865414710484 0.48692152917505027 0.0829420970266041 0.8055245050550215
0 0.3255086071987481 0.5931763420026331 0.06885758998435054 0.8136473159947338
0 0.411189358372457 0.4508532677546762 0.050860719874804304 0.360682614203741
0 0.4839593114241002 0.47189308691656107 0.08528951486697971 0.871649650992374
0 0.5575117370892019 0.44784757930297836 0.049295774647887286 0.8115358819584172
0 0.6858372456964006 0.42380207168939565 0.11658841940532078 0.6071490672429639
0 0.7840375586854459 0.4268077601410934 0.04538341158059467 0.8295700126686042
0 0.8482003129890454 0.39675087562411515 0.06729264475743349 0.7814789974414389
0 0.906885758998435 0.492932906078446 0.04068857589984347 0.889683781702561
0 0.9593114241001564 0.5410239213056114 0.07511737089201873 0.6612514593735251
