0 0.04773082942097027 0.4337275410550504 0.0594679186228482 0.735841207583051
0 0.1036776212832551 0.45466611200253565 0.06338028169014084 0.7298587587409124
0 0.18896713615023472 0.4337275410550505 0.041471048513302015 0.4367187654761199
0 0.2562597809076682 0.43970998989718907 0.08215962441314556 0.8794199797943781
0 0.3392018779342723 0.4726134585289516 0.068075117370892 0.8255779402151306
0 0.41666666666666674 0.4905608050553674 0.04147104851330205 0.44270121431825826
0 0.4839593114241002 0.5085081515817833 0.06807511737089207 0.9691567124264576
0 0.5582942097026603 0.5144906004239219 0.07433489827856021 0.7657534517937442
0 0.6244131455399061 0.42774509221291185 0.035993740219092275 0.352964481686179
0 0.668622848200313 0.4427012143182584 0.03208137715179973 0.6341395772666943
0 0.7018779342723005 0.43372754105505046 0.031298904538341075 0.5922624353717241
0 0.7582159624413145 0.35595570610724836 0.06103286384976528 0.4845783562132288
0 0.8106416275430359 0.4157801945286346 0.051643192488262886 0.6520869237931103
0 0.8685446009389673 0.4097977456864959 0.05790297339593124 0.5204730492660604
0 0.9178403755868547 0.3828767258968721 0.043818466353677504 0.7657534517937442
0 0.9687010954616591 0.47560468295002084 0.04694835680751172 0.9512093659000417
