0 0.037949921752738654 0.6861850113023822 0.027386541471048513 0.5307772561293688
0 0.07237871674491393 0.676621457137889 0.027386541471048506 0.5594679186228483
0 0.12871674491392804 0.6790123456790124 0.05868544600938966 0.5642496957050948
0 0.19913928012519563 0.727134411406712 0.08059467918622847 0.5457311771865763
0 0.27112676056338025 0.683794122761259 0.02738654147104853 0.5929403581985742
0 0.31768388106416273 0.710093896713615 0.02816901408450704 0.5785950269518344
0 0.3802816901408451 0.6025039123630672 0.05320813771517997 0.583376804034081
0 0.44209702660406885 0.6314988697617805 0.07198748043818469 0.7370022604764388
0 0.5011737089201878 0.7223526343244652 0.06338028169014105 0.5552947313510692
0 0.5817683881064163 0.6814032342201357 0.06651017214397491 0.5594679186228482
0 0.7159624413145539 0.6240219092331769 0.11893583724569638 0.616849243609807
0 0.8262910798122065 0.6048948009041903 0.09389671361502358 0.7316118935837239
0 0.9354460093896714 0.5666405842462181 0.11345852895148667 0.6551034602677795
