0 0.044992175273865405 0.569947776546922 0.08059467918622847 0.860104446906156
0 0.1279342723004695 0.681041304003798 0.05868544600938964 0.6379173919924038
0 0.19757433489827853 0.5781769267289127 0.030516431924882605 0.8436461465421743
0 0.26956181533646306 0.4999999999999997 0.06651017214397448 0.9999999999999994
0 0.3251173708920188 0.5534894761829403 0.024256651017214387 0.8930210476341194
0 0.3720657276995305 0.5493749010919448 0.06494522691705801 0.9012501978161098
0 0.43661971830985913 0.5348947618294033 0.061032863849765216 0.8558316189270454
0 0.5117370892018779 0.5082291501819909 0.06885758998435051 0.9835416996360183
0 0.5762910798122065 0.5123437252729862 0.04147104851330198 0.9753125494540275
0 0.6463223787167449 0.419686659281532 0.06572769953051633 0.8393733185630639
0 0.7527386541471047 0.5184364614654214 0.11893583724569606 0.592498813103339
0 0.8826291079812207 0.2551036556417154 0.025039123630673003 0.5102073112834308
0 0.9424882629107981 0.3127077069156512 0.0727699530516432 0.6254154138313024
