0 0.0539906103286385 0.3927597781427474 0.08137715179968702 0.4755387448365102
0 0.13615023474178403 0.4262236157423536 0.048513302034428794 0.45792619873145435
0 0.19561815336463223 0.4596874533419599 0.07511737089201878 0.42622361574235357
0 0.2711267605633803 0.5054800732151052 0.06807511737089204 0.4544036895104431
0 0.3438967136150235 0.5424664200357229 0.06964006259780905 0.37338597742718593
0 0.42488262910798125 0.5547952023092619 0.040688575899843545 0.320548339112018
0 0.49413145539906106 0.5142863462676334 0.0633802816901408 0.4579261987314544
0 0.5567292644757434 0.5495114384777452 0.0602503912363067 0.31702582989100686
0 0.6334115805946792 0.5389439108147117 0.0931142410015652 0.48610627249954363
0 0.6870109546165883 0.5900202945193737 0.037558685446009474 0.46144870795246523
0 0.727699530516432 0.6358129143925193 0.05477308294209706 0.38395350509021936
0 0.8016431924882628 0.6622317335501031 0.068075117370892 0.31702582989100675
0 0.8884976525821596 0.6463804420555528 0.0477308294209702 0.44735867106842064
0 0.9487480438184664 0.5970653129613962 0.06338028169014094 0.46144870795246556
