0 0.034820031298904534 0.640341174446329 0.03990610328638498 0.4738916336881088
0 0.09115805946791862 0.6383829445550557 0.07433489827856024 0.45430933477537705
0 0.1697965571205008 0.6873386918368851 0.07198748043818469 0.5443879097739434
0 0.2711267605633803 0.6148841858597777 0.08215962441314556 0.6892969217281585
0 0.3497652582159624 0.6462158641201483 0.04225352112676056 0.3603142999942645
0 0.42292644757433495 0.5835525075994069 0.0696400625978091 0.6109677260772313
0 0.5453834115805947 0.5365549902088504 0.09546165884194054 0.509139771731026
0 0.6576682316118937 0.5208891510786651 0.08998435054773082 0.5169726912961187
0 0.7711267605633804 0.573761358143041 0.09467918622848202 0.4582257945579235
0 0.8771517996870108 0.4915157027095675 0.08450704225352113 0.5287220706437579
0 0.954225352112676 0.4601840244491967 0.07433489827856021 0.5600537489041287
