0 0.0309076682316119 0.636804433156315 0.05868544600938968 0.7263911336873702
0 0.10915492957746478 0.6657815746940661 0.05868544600938967 0.5654583237127685
0 0.1705790297339593 0.7174632494420072 0.04225352112676056 0.352651427691834
0 0.23082942097026612 0.6064034480104677 0.06729264475743339 0.7871931039790644
0 0.2906885758998435 0.6445008850919726 0.05868544600938968 0.5715385207419381
0 0.3763693270735524 0.6140998999461248 0.051643192488262886 0.693142461325329
0 0.443661971830986 0.46817517124605557 0.0579029733959311 0.693142461325329
0 0.4906103286384977 0.5715385207419381 0.03912363067292645 0.7174632494420073
0 0.5418622848200314 0.5350573385669206 0.061815336463223784 0.47425536827522513
0 0.6052425665101722 0.4712152697606404 0.030516431924882705 0.8573077811129071
0 0.6541471048513304 0.5228969445085815 0.05946791862284831 0.8025860078503808
0 0.7331768388106417 0.46817517124605557 0.07198748043818483 0.6323404910336334
0 0.827856025039123 0.39521280689602084 0.06729264475743438 0.7904256137920417
0 0.8904538341158059 0.3860925113522665 0.04694835680751177 0.772185022704533
0 0.9354460093896714 0.43777418610020774 0.04773082942097034 0.6323404910336334
