0 0.06924882629107981 0.5947804473902237 0.09467918622848201 0.8104391052195526
0 0.15532081377151802 0.5331400165700083 0.04773082942097027 0.5923777961888982
0 0.24608763693270735 0.5 0.07589984350547731 1.0
0 0.3352895148669797 0.6911074288870478 0.09467918622848207 0.5133940900303782
0 0.4385758998435055 0.507898370615852 0.09467918622848202 0.9842032587682961
0 0.5430359937402192 0.507898370615852 0.0704225352112676 0.9842032587682961
0 0.6428012519561815 0.503949185307926 0.08215962441314552 0.9921016293841479
0 0.7523474178403755 0.511847555923778 0.09311424100156501 0.9763048881524441
0 0.8403755868544576 0.31438829052747846 0.028169014084507074 0.612979839823253
0 0.8955399061032864 0.3988677161005247 0.060250391236306766 0.7977354322010494
0 0.960093896713615 0.4581054957194145 0.06416275430359945 0.7424468378900856
