0 0.07785602503912363 0.6217125763430138 0.11502347417840376 0.7565748473139723
0 0.15845070422535212 0.6288483111055716 0.04147104851330205 0.36513772902904157
0 0.23395931142410015 0.5245232456687026 0.08450704225352113 0.8172130125888073
0 0.3392018779342723 0.49554406082512775 0.0978090766823161 0.8751713822759567
0 0.42527386541471046 0.5998691262619968 0.10719874804381846 0.5969712077776393
0 0.5219092331768388 0.6549295774647887 0.10328638497652577 0.6375420665586439
0 0.6091549295774648 0.6346441480742864 0.08528951486697971 0.42309609871619097
0 0.7120500782472612 0.5303190826374174 0.12206572769953042 0.7824379907765175
0 0.8442879499217528 0.4810544684033404 0.11893583724569638 0.7650504798703728
0 0.971830985915493 0.48685030537205537 0.046948356807511686 0.8693755453072417
