0 0.041862284820031306 0.43188890687676507 0.06338028169014084 0.6346122713291242
0 0.11071987480438185 0.48697677765186265 0.08372456964006261 0.5949490043710539
0 0.2073552425665102 0.4539240551868041 0.06572769953051644 0.3173061356645621
0 0.28169014084507044 0.44290648103178454 0.0845070422535212 0.5508787077509757
0 0.36502347417840375 0.3966326695807026 0.07120500782472618 0.44951702552479633
0 0.4393583724569641 0.4671451441728275 0.068075117370892 0.6257982120051085
0 0.5328638497652582 0.3547658877916284 0.07981220657277 0.5596927670749914
0 0.6122848200312988 0.41646430305973764 0.0602503912363067 0.49799435180688206
0 0.7320031298904539 0.45392405518680407 0.08528951486697978 0.5024013814688899
0 0.8266823161189358 0.4825697479898548 0.07276995305164334 0.5949490043710539
0 0.9241001564945228 0.6103736081880813 0.12519561815336475 0.6919036569352257
