0 0.07120500782472614 0.5277103232421347 0.08763693270735524 0.8818016656773335
0 0.16040688575899842 0.6122353533718274 0.06572769953051641 0.7675786519885597
0 0.24960876369327076 0.5593959671181624 0.08607198748043818 0.7258647671469431
0 0.3380281690140845 0.47059881639774787 0.07981220657277 0.6305110355620311
0 0.43622848200312986 0.466029895850197 0.07902973395931141 0.7493029697983559
0 0.5129107981220657 0.45460759448131965 0.0602503912363067 0.7355962081557031
0 0.5935054773082942 0.36094472325652516 0.068075117370892 0.7218894465130502
0 0.6928794992175275 0.35866026298274967 0.09467918622848202 0.561977227348767
0 0.7758215962441315 0.5117191013257064 0.06651017214397498 0.7858543341787635
0 0.8591549295774648 0.5322792437896858 0.0579029733959311 0.6259421150144803
0 0.9464006259780908 0.45917651502887047 0.07120500782472618 0.8452503012969257
