0 0.10289514866979654 0.6178019547758943 0.10719874804381847 0.7643960904482116
0 0.21283255086071987 0.6184602625734447 0.053208137715179966 0.366998397571055
0 0.2734741784037558 0.6003368849156149 0.03521126760563384 0.6569724400963333
0 0.3474178403755869 0.6026023071228436 0.09702660406885762 0.6796266621686207
0 0.46948356807511726 0.6343182180240459 0.04225352112676056 0.33528248666985283
0 0.52660406885759 0.5165162632481516 0.07355242566510171 0.7158734174842803
0 0.6177621283255086 0.6336599102264954 0.08685446009389679 0.7326801795470093
0 0.7257433489827855 0.6320527958168171 0.09467918622848188 0.530108796491524
0 0.8032081377151801 0.6161948403662161 0.07589984350547724 0.7068117286553656
0 0.8755868544600935 0.6026023071228435 0.0563380281690149 0.7158734174842803
0 0.9467918622848202 0.6012856915277425 0.07511737089201886 0.7974286169445147
