0 0.03567724900000871 0.5621301775147929 0.05429146586957847 0.7810650887573964
0 0.10586835844567802 0.5591715976331362 0.07213009036958282 0.6804733727810651
0 0.17450828315221653 0.5414201183431953 0.046535542173924395 0.5621301775147929
0 0.23112652613049126 0.5946745562130178 0.06204738956523258 0.5857988165680473
0 0.3009298393913778 0.5591715976331361 0.05118909639131688 0.6568047337278107
0 0.36375282132617576 0.6124260355029585 0.06049620482610166 0.5976331360946746
0 0.44092426209793373 0.5295857988165681 0.06902772089132121 0.8224852071005918
0 0.5056862249566453 0.5857988165680473 0.055842650608709264 0.6863905325443787
0 0.5665702259675297 0.6183431952662721 0.050413504021751404 0.6094674556213018
0 0.6309443926414583 0.6213017751479293 0.0566182429782747 0.6508875739644973
0 0.6999721135327797 0.5384615384615385 0.07213009036958283 0.6390532544378699
0 0.7779191466741031 0.5976331360946746 0.06514975904349413 0.6390532544378699
0 0.8566417721849917 0.5355029585798816 0.06747653615219036 0.5029585798816568
0 0.9159745884567454 0.5236686390532544 0.023267771086962197 0.5502958579881656
0 0.947773875608927 0.591715976331361 0.03102369478261636 0.5443786982248521
0 0.9822877360545877 0.6360946745562132 0.020940993978265966 0.5384615384615384
