0 0.07433489827856024 0.5784856304863766 0.1189358372456964 0.6709573111960947
0 0.18035993740219095 0.618269958233581 0.08215962441314555 0.4408533615230752
0 0.26643192488262907 0.5526795800557577 0.05712050078247259 0.150535294178611
0 0.34037558685446007 0.5290240338276903 0.08607198748043814 0.5161210086123807
0 0.4264475743348982 0.5311745380302417 0.07042253521126753 0.37418773124397603
0 0.5152582159624413 0.4806376892702795 0.09467918622848202 0.4236493279026625
0 0.624804381846635 0.45590689094093634 0.11658841940532104 0.3956927732694918
0 0.7104851330203442 0.530099285928966 0.07042253521126768 0.3935422690669402
0 0.8407668231611893 0.49031495818176163 0.10406885758998442 0.4430038657256267
0 0.9393583724569639 0.48493869767538283 0.08998435054773077 0.46235840354859126
