0 0.07081377151799688 0.5508408265032758 0.10093896713615023 0.8983183469934485
0 0.14866979655712048 0.5801835495079706 0.07511737089201877 0.4067266120262062
0 0.24256651017214398 0.4934550807670884 0.06416275430359938 0.81943449775868
0 0.33098591549295775 0.5233614492984272 0.08137715179968698 0.4485955279700805
0 0.4213615023474179 0.5143895387390256 0.07746478873239432 0.825415771464948
0 0.505868544600939 0.5801835495079707 0.05242566510172146 0.3708389697885998
0 0.6087636932707355 0.5353239967109625 0.0923317683881065 0.8194344977586802
0 0.7363067292644757 0.48747380706082066 0.12050078247261352 0.6878464762207899
0 0.8716744913928012 0.40971724887934 0.03755868544600929 0.7476592132834672
0 0.9374021909233177 0.42766106999814324 0.0782472613458529 0.8074719503461446
