0 0.047339593114241005 0.5535063752276868 0.028951486697965566 0.7399817850637525
0 0.09741784037558686 0.6008652094717669 0.05086071987480438 0.7755009107468125
0 0.1498435054773083 0.6600637522768672 0.03834115805946791 0.3374316939890711
0 0.19796557120500782 0.6304644808743171 0.03442879499217526 0.6807832422586523
0 0.2570422535211268 0.6778233151183971 0.06807511737089204 0.621584699453552
0 0.3294209702660407 0.639344262295082 0.035993740219092345 0.3907103825136613
0 0.4017996870109546 0.5357468123861566 0.05712050078247259 0.8228597449908926
0 0.4769170579029734 0.6272768670309654 0.06494522691705797 0.7454462659380693
0 0.5610328638497653 0.5710382513661202 0.06885758998435058 0.8579234972677595
0 0.6338028169014084 0.5120673952641167 0.07198748043818469 0.7873406193078325
0 0.6948356807511737 0.6183970856102003 0.04851330203442885 0.7632058287795992
0 0.7895148669796558 0.5150273224043717 0.10485133020344292 0.7340619307832423
0 0.8708920187793427 0.4972677595628416 0.03286384976525824 0.8051001821493625
0 0.9389671361502347 0.5771857923497262 0.09233176838810647 0.6215846994535514
