0 0.06298904538341159 0.5801662863587483 0.05555555555555557 0.6216067353843733
0 0.13419405320813774 0.594670443517717 0.0539906103286385 0.5677341516510609
0 0.22261345852895148 0.5698061741023421 0.09467918622848198 0.7003435885330606
0 0.31103286384976525 0.5615180842972172 0.0696400625978091 0.3025152778870616
0 0.37284820031298904 0.5180056128203111 0.04147104851330205 0.5138615679177486
0 0.44014084507042256 0.5200776352715922 0.07589984350547731 0.5843103312613108
0 0.5254303599374022 0.5304377475279987 0.06651017214397491 0.2900831431793743
0 0.5829420970266042 0.4682770739895612 0.03912363067292645 0.4889972985023736
0 0.6561032863849765 0.42269258006137383 0.06651017214397498 0.4724211188921237
0 0.7562597809076683 0.2983712329844992 0.1056338028169013 0.4889972985023736
0 0.8712832550860719 0.3066593227896241 0.03677621283255078 0.5304377475279984
0 0.9315336463223787 0.31080336769218664 0.07902973395931141 0.5884543761638734
