0 0.06885758998435054 0.5448654367519673 0.0782472613458529 0.6136348608080407
0 0.15766823161189358 0.5792501487800039 0.08215962441314556 0.7458837532235668
0 0.25 0.5660252595384514 0.07589984350547731 0.6982741519539775
0 0.3532863849765258 0.5871850823249355 0.08528951486697967 0.8252330886728824
0 0.44953051643192493 0.5370296898763474 0.08841940532081374 0.9259406202473055
0 0.5269953051643192 0.4787409905442042 0.07433489827856021 0.8411029557627455
0 0.5989827856025038 0.4655161013026516 0.061815336463223784 0.4549361899094096
0 0.6709702660406885 0.5316405475104147 0.08372456964006261 0.7987833101897772
0 0.7566510172143975 0.4946108576340673 0.09076682316118934 0.6929841962573563
0 0.8485915492957747 0.5633802816901408 0.06964006259780903 0.5025457911789988
0 0.912754303599374 0.4946108576340673 0.05868544600938975 0.7353038418303247
0 0.9702660406885759 0.3782318323084044 0.04381846635367765 0.5025457911789989
