0 0.06924882629107981 0.526687905209032 0.0837245696400626 0.946624189581936
0 0.14710485133020346 0.5812032689966959 0.06416275430359941 0.6760935986288097
0 0.21948356807511737 0.5682024244230817 0.08528951486697967 0.8635951511538366
0 0.3012519561815337 0.5752726233946892 0.08450704225352115 0.6642323074247958
0 0.37832550860719877 0.4922435849665897 0.0649452269170579 0.8302903842809947
0 0.4557902973395931 0.596029883001714 0.0633802816901408 0.7769145738629306
0 0.5332550860719875 0.6316137566137566 0.08372456964006245 0.6464403706187742
0 0.5935054773082943 0.5800637156270959 0.02895148669796555 0.8398725687458082
0 0.653755868544601 0.510035521772611 0.0555555555555555 0.794706510668952
0 0.6999217527386541 0.5011395533696005 0.03521126760563391 0.7413307002508883
0 0.739827856025039 0.3914226097324689 0.05555555555555557 0.616787142608739
0 0.8063380281690141 0.39438793253347243 0.08215962441314545 0.6583016618227886
0 0.8794992175273864 0.338046799314405 0.035993740219092275 0.67609359862881
0 0.9327073552425661 0.38845728693146503 0.06885758998435049 0.7769145738629301
