0 0.11971830985915492 0.6125216909925161 0.12519561815336464 0.5977026178233422
0 0.22848200312989042 0.6038772316438312 0.08137715179968702 0.42234358532145244
0 0.30633802816901406 0.6112867682284181 0.05555555555555554 0.2099368698966285
0 0.41001564945226915 0.6261058413975918 0.12206572769953056 0.5655946259567989
0 0.5277777777777777 0.5939978495310487 0.09467918622848195 0.4865595690545389
0 0.6435837245696399 0.5520104755517231 0.09154929577464785 0.3630672926447574
0 0.7128325508607198 0.5495406300235274 0.05320813771518005 0.47174049588536504
0 0.7844287949921752 0.5470707844953318 0.05086071987480437 0.4470420406034088
0 0.8442879499217527 0.5557152438440164 0.0782472613458529 0.4149340487368656
0 0.9178403755868536 0.5705343170131902 0.07668231611893574 0.4099943576804746
