0 0.03716744913928013 0.4067269111746502 0.033646322378716745 0.5095955852071493
0 0.1001564945226917 0.38931836633838107 0.06572769953051642 0.4051443161895348
0 0.1815336463223787 0.35766646663607377 0.04694835680751174 0.2405544377375363
0 0.27112676056338025 0.4067269111746502 0.08059467918622847 0.5539082447903797
0 0.35015649452269165 0.4399614058620729 0.07746478873239432 0.4051443161895348
0 0.4604851330203443 0.5190911551178415 0.13223787167449147 0.46211773565368813
0 0.5880281690140845 0.4795262804899573 0.12128325508607211 0.490604445385765
0 0.7179186228482003 0.5697341946415333 0.1118935837245695 0.3545012766658429
0 0.8392018779342724 0.6077164742843022 0.1165884194053207 0.45578735571322665
0 0.9268388106416277 0.6124642592396483 0.06494522691705797 0.39564874627884256
