0 0.07472613458528951 0.4817223954413503 0.03990610328638498 0.6699817223954412
0 0.1388888888888889 0.5287872271798731 0.09311424100156493 0.5481668637780883
0 0.2492175273865415 0.5066390710676272 0.10093896713615028 0.6256854101709495
0 0.34624413145539906 0.5204816686377809 0.04616588419405325 0.45403720030104283
0 0.41001564945226915 0.5453983442640576 0.0579029733959311 0.4429631222449198
0 0.5402973395931142 0.5606252015912268 0.1306729264475743 0.6118428126007955
0 0.6205007824726135 0.6146113321148263 0.0422535211267607 0.5204816686377809
0 0.6991392801251957 0.6672132028814106 0.07902973395931155 0.575852058918396
0 0.791471048513302 0.6506020857972261 0.053990610328638555 0.31007418557144395
0 0.865414710485133 0.5896946564885497 0.04538341158059467 0.6035372540587034
0 0.9303599374021901 0.603537254058703 0.07511737089201885 0.3820556929362433
